,danceability,energy,key,loudness,mode,speechiness,acousticness,instrumentalness,liveness,valence,tempo,type,id,uri,track_href,analysis_url,duration_ms,time_signature,track_name,track_id,artist_name,artist_id
0,0.562,0.629,2,-8.483,0,0.0282,0.00736,0.0416,0.401,0.768,142.751,audio_features,2r5lYsoJxifX1gjYh0I5Cp,spotify:track:2r5lYsoJxifX1gjYh0I5Cp,https://api.spotify.com/v1/tracks/2r5lYsoJxifX1gjYh0I5Cp,https://api.spotify.com/v1/audio-analysis/2r5lYsoJxifX1gjYh0I5Cp,240040,4,Hey Little Firing Squad,spotify:track:2r5lYsoJxifX1gjYh0I5Cp,Nick Cave & The Bad Seeds,4UXJsSlnKd7ltsrHebV79Q
1,0.527,0.286,2,-13.381,1,0.0278,0.634,0.00294,0.119,0.186,88.99,audio_features,6aIHvhgxR2TLHSndJ9ibi8,spotify:track:6aIHvhgxR2TLHSndJ9ibi8,https://api.spotify.com/v1/tracks/6aIHvhgxR2TLHSndJ9ibi8,https://api.spotify.com/v1/audio-analysis/6aIHvhgxR2TLHSndJ9ibi8,258333,4,Fleeting Love,spotify:track:6aIHvhgxR2TLHSndJ9ibi8,Nick Cave & The Bad Seeds,4UXJsSlnKd7ltsrHebV79Q
2,0.501,0.678,0,-6.474,1,0.0328,0.285,0.0,0.273,0.432,127.05,audio_features,75qJbNgfUYizhEqw9V0Oa0,spotify:track:75qJbNgfUYizhEqw9V0Oa0,https://api.spotify.com/v1/tracks/75qJbNgfUYizhEqw9V0Oa0,https://api.spotify.com/v1/audio-analysis/75qJbNgfUYizhEqw9V0Oa0,259387,4,Accidents Will Happen,spotify:track:75qJbNgfUYizhEqw9V0Oa0,Nick Cave & The Bad Seeds,4UXJsSlnKd7ltsrHebV79Q
3,0.499,0.321,3,-10.773,1,0.0291,0.62,4.12e-05,0.157,0.333,150.166,audio_features,3HsqcNRACYbY5wvuEcYTMv,spotify:track:3HsqcNRACYbY5wvuEcYTMv,https://api.spotify.com/v1/tracks/3HsqcNRACYbY5wvuEcYTMv,https://api.spotify.com/v1/audio-analysis/3HsqcNRACYbY5wvuEcYTMv,187973,3,Free to Walk (with Debbie Harry),spotify:track:3HsqcNRACYbY5wvuEcYTMv,Nick Cave & The Bad Seeds,4UXJsSlnKd7ltsrHebV79Q
4,0.396,0.0913,2,-12.916,0,0.0346,0.926,0.000196,0.105,0.13,84.208,audio_features,7Be3lFMJwPX7YrO2gN6LkA,spotify:track:7Be3lFMJwPX7YrO2gN6LkA,https://api.spotify.com/v1/tracks/7Be3lFMJwPX7YrO2gN6LkA,https://api.spotify.com/v1/audio-analysis/7Be3lFMJwPX7YrO2gN6LkA,274440,4,Avalanche,spotify:track:7Be3lFMJwPX7YrO2gN6LkA,Nick Cave & The Bad Seeds,4UXJsSlnKd7ltsrHebV79Q
5,0.38,0.606,4,-8.372,0,0.0406,0.0849,0.00776,0.0731,0.421,174.447,audio_features,1WCf8EAtvXkSLuDdI2tIDj,spotify:track:1WCf8EAtvXkSLuDdI2tIDj,https://api.spotify.com/v1/tracks/1WCf8EAtvXkSLuDdI2tIDj,https://api.spotify.com/v1/audio-analysis/1WCf8EAtvXkSLuDdI2tIDj,278147,4,Vortex,spotify:track:1WCf8EAtvXkSLuDdI2tIDj,Nick Cave & The Bad Seeds,4UXJsSlnKd7ltsrHebV79Q
6,0.356,0.475,10,-9.698,0,0.0374,0.101,0.12,0.131,0.0949,119.507,audio_features,6dKhcM8fQ4a1klNhVR2NOF,spotify:track:6dKhcM8fQ4a1klNhVR2NOF,https://api.spotify.com/v1/tracks/6dKhcM8fQ4a1klNhVR2NOF,https://api.spotify.com/v1/audio-analysis/6dKhcM8fQ4a1klNhVR2NOF,234240,3,Needle Boy,spotify:track:6dKhcM8fQ4a1klNhVR2NOF,Nick Cave & The Bad Seeds,4UXJsSlnKd7ltsrHebV79Q
7,0.266,0.805,7,-12.098,0,0.0691,0.316,0.823,0.0899,0.637,112.436,audio_features,49qErPhJkx15sbDBGzUlFb,spotify:track:49qErPhJkx15sbDBGzUlFb,https://api.spotify.com/v1/tracks/49qErPhJkx15sbDBGzUlFb,https://api.spotify.com/v1/audio-analysis/49qErPhJkx15sbDBGzUlFb,228947,5,Lightning Bolts,spotify:track:49qErPhJkx15sbDBGzUlFb,Nick Cave & The Bad Seeds,4UXJsSlnKd7ltsrHebV79Q
8,0.318,0.885,2,-7.744,1,0.0822,0.0633,0.0355,0.138,0.241,109.288,audio_features,4irtOPmYzwAULDqnb6HTnw,spotify:track:4irtOPmYzwAULDqnb6HTnw,https://api.spotify.com/v1/tracks/4irtOPmYzwAULDqnb6HTnw,https://api.spotify.com/v1/audio-analysis/4irtOPmYzwAULDqnb6HTnw,231373,4,Animal X,spotify:track:4irtOPmYzwAULDqnb6HTnw,Nick Cave & The Bad Seeds,4UXJsSlnKd7ltsrHebV79Q
9,0.275,0.507,9,-15.255,0,0.0598,0.265,0.174,0.0902,0.236,113.029,audio_features,6Ey2XKLjRuyWE5U3pqedvR,spotify:track:6Ey2XKLjRuyWE5U3pqedvR,https://api.spotify.com/v1/tracks/6Ey2XKLjRuyWE5U3pqedvR,https://api.spotify.com/v1/audio-analysis/6Ey2XKLjRuyWE5U3pqedvR,213560,5,Give Us a Kiss,spotify:track:6Ey2XKLjRuyWE5U3pqedvR,Nick Cave & The Bad Seeds,4UXJsSlnKd7ltsrHebV79Q
10,0.172,0.234,0,-13.982,0,0.0321,0.62,0.605,0.71,0.113,75.298,audio_features,3M4btuy6ovxPHrxZmB9GOH,spotify:track:3M4btuy6ovxPHrxZmB9GOH,https://api.spotify.com/v1/tracks/3M4btuy6ovxPHrxZmB9GOH,https://api.spotify.com/v1/audio-analysis/3M4btuy6ovxPHrxZmB9GOH,319613,4,Push the Sky Away (with Melbourne Symphony Orchestra) [Live] - with The Melbourne Symphony Orchestra;Live,spotify:track:3M4btuy6ovxPHrxZmB9GOH,Nick Cave & The Bad Seeds,4UXJsSlnKd7ltsrHebV79Q
11,0.32,0.243,7,-13.578,0,0.0366,0.966,2.31e-05,0.143,0.31,70.72,audio_features,7tQQA8VP0vwznP4rYs48Oy,spotify:track:7tQQA8VP0vwznP4rYs48Oy,https://api.spotify.com/v1/tracks/7tQQA8VP0vwznP4rYs48Oy,https://api.spotify.com/v1/audio-analysis/7tQQA8VP0vwznP4rYs48Oy,184827,4,First Skeleton Tree,spotify:track:7tQQA8VP0vwznP4rYs48Oy,Nick Cave & The Bad Seeds,4UXJsSlnKd7ltsrHebV79Q
12,0.244,0.192,5,-16.167,1,0.0391,0.889,0.0393,0.0807,0.178,71.624,audio_features,2iTXdhld8nMKdhehRqUJqO,spotify:track:2iTXdhld8nMKdhehRqUJqO,https://api.spotify.com/v1/tracks/2iTXdhld8nMKdhehRqUJqO,https://api.spotify.com/v1/audio-analysis/2iTXdhld8nMKdhehRqUJqO,232840,4,King Sized Nick Cave Blues,spotify:track:2iTXdhld8nMKdhehRqUJqO,Nick Cave & The Bad Seeds,4UXJsSlnKd7ltsrHebV79Q
13,0.707,0.279,2,-15.897,1,0.0498,0.602,0.866,0.107,0.038,127.051,audio_features,3boGJW8JnA6r9abP4DtpAW,spotify:track:3boGJW8JnA6r9abP4DtpAW,https://api.spotify.com/v1/tracks/3boGJW8JnA6r9abP4DtpAW,https://api.spotify.com/v1/audio-analysis/3boGJW8JnA6r9abP4DtpAW,146613,4,Opium Eyes,spotify:track:3boGJW8JnA6r9abP4DtpAW,Nick Cave & The Bad Seeds,4UXJsSlnKd7ltsrHebV79Q
14,0.106,0.297,10,-14.459,1,0.0308,0.761,0.498,0.105,0.0552,72.914,audio_features,0liEkN2YaoOqfhbicBs1Uy,spotify:track:0liEkN2YaoOqfhbicBs1Uy,https://api.spotify.com/v1/tracks/0liEkN2YaoOqfhbicBs1Uy,https://api.spotify.com/v1/audio-analysis/0liEkN2YaoOqfhbicBs1Uy,206960,3,Big Dream (With Sky),spotify:track:0liEkN2YaoOqfhbicBs1Uy,Nick Cave & The Bad Seeds,4UXJsSlnKd7ltsrHebV79Q
15,0.396,0.329,6,-16.081,0,0.0438,0.22,7.28e-06,0.0885,0.0382,122.038,audio_features,55hS7veeAwmpPnQcXJOVFr,spotify:track:55hS7veeAwmpPnQcXJOVFr,https://api.spotify.com/v1/tracks/55hS7veeAwmpPnQcXJOVFr,https://api.spotify.com/v1/audio-analysis/55hS7veeAwmpPnQcXJOVFr,145680,4,Instrumental #33,spotify:track:55hS7veeAwmpPnQcXJOVFr,Nick Cave & The Bad Seeds,4UXJsSlnKd7ltsrHebV79Q
16,0.572,0.224,7,-16.115,1,0.045,0.697,0.0272,0.107,0.0419,111.461,audio_features,7ieKLzIDUDZSf0A87EbdMn,spotify:track:7ieKLzIDUDZSf0A87EbdMn,https://api.spotify.com/v1/tracks/7ieKLzIDUDZSf0A87EbdMn,https://api.spotify.com/v1/audio-analysis/7ieKLzIDUDZSf0A87EbdMn,229027,4,Hell Villanelle,spotify:track:7ieKLzIDUDZSf0A87EbdMn,Nick Cave & The Bad Seeds,4UXJsSlnKd7ltsrHebV79Q
17,0.505,0.0747,3,-19.039,1,0.0441,0.975,0.000871,0.0959,0.147,131.639,audio_features,2v8bqCkNqk8l0dpj9fmQeQ,spotify:track:2v8bqCkNqk8l0dpj9fmQeQ,https://api.spotify.com/v1/tracks/2v8bqCkNqk8l0dpj9fmQeQ,https://api.spotify.com/v1/audio-analysis/2v8bqCkNqk8l0dpj9fmQeQ,167293,3,Euthanasia,spotify:track:2v8bqCkNqk8l0dpj9fmQeQ,Nick Cave & The Bad Seeds,4UXJsSlnKd7ltsrHebV79Q
18,0.197,0.121,8,-19.037,1,0.034,0.883,0.202,0.0973,0.0513,75.114,audio_features,7uozUCtzGzepNgRD0hGgjY,spotify:track:7uozUCtzGzepNgRD0hGgjY,https://api.spotify.com/v1/tracks/7uozUCtzGzepNgRD0hGgjY,https://api.spotify.com/v1/audio-analysis/7uozUCtzGzepNgRD0hGgjY,178800,5,Life Per Se,spotify:track:7uozUCtzGzepNgRD0hGgjY,Nick Cave & The Bad Seeds,4UXJsSlnKd7ltsrHebV79Q
19,0.412,0.196,5,-15.507,1,0.152,0.864,0.0134,0.0882,0.302,80.841,audio_features,2CrB4B0eJXOfbIzWPVQgEh,spotify:track:2CrB4B0eJXOfbIzWPVQgEh,https://api.spotify.com/v1/tracks/2CrB4B0eJXOfbIzWPVQgEh,https://api.spotify.com/v1/audio-analysis/2CrB4B0eJXOfbIzWPVQgEh,229227,4,Steve McQueen,spotify:track:2CrB4B0eJXOfbIzWPVQgEh,Nick Cave & The Bad Seeds,4UXJsSlnKd7ltsrHebV79Q
20,0.145,0.296,9,-15.636,1,0.0374,0.821,0.776,0.0795,0.183,162.159,audio_features,5US0kCxVT4FNYdOnJsDhLx,spotify:track:5US0kCxVT4FNYdOnJsDhLx,https://api.spotify.com/v1/tracks/5US0kCxVT4FNYdOnJsDhLx,https://api.spotify.com/v1/audio-analysis/5US0kCxVT4FNYdOnJsDhLx,154613,3,First Bright Horses,spotify:track:5US0kCxVT4FNYdOnJsDhLx,Nick Cave & The Bad Seeds,4UXJsSlnKd7ltsrHebV79Q
21,0.225,0.382,9,-12.983,0,0.047,0.798,0.175,0.103,0.201,77.708,audio_features,18urkWYkgQ5YJk5D2oHkP6,spotify:track:18urkWYkgQ5YJk5D2oHkP6,https://api.spotify.com/v1/tracks/18urkWYkgQ5YJk5D2oHkP6,https://api.spotify.com/v1/audio-analysis/18urkWYkgQ5YJk5D2oHkP6,178893,4,First Girl in Amber,spotify:track:18urkWYkgQ5YJk5D2oHkP6,Nick Cave & The Bad Seeds,4UXJsSlnKd7ltsrHebV79Q
22,0.255,0.209,5,-18.954,1,0.043,0.189,0.965,0.0986,0.0371,109.211,audio_features,6zubsoBxodCVK0ZdnhbG0C,spotify:track:6zubsoBxodCVK0ZdnhbG0C,https://api.spotify.com/v1/tracks/6zubsoBxodCVK0ZdnhbG0C,https://api.spotify.com/v1/audio-analysis/6zubsoBxodCVK0ZdnhbG0C,159400,3,Glacier,spotify:track:6zubsoBxodCVK0ZdnhbG0C,Nick Cave & The Bad Seeds,4UXJsSlnKd7ltsrHebV79Q
23,0.313,0.138,2,-16.153,0,0.0381,0.895,0.163,0.0983,0.188,87.718,audio_features,3esEyslQXOLMom466BvajR,spotify:track:3esEyslQXOLMom466BvajR,https://api.spotify.com/v1/tracks/3esEyslQXOLMom466BvajR,https://api.spotify.com/v1/audio-analysis/3esEyslQXOLMom466BvajR,184720,5,Heart That Kills You,spotify:track:3esEyslQXOLMom466BvajR,Nick Cave & The Bad Seeds,4UXJsSlnKd7ltsrHebV79Q
24,0.212,0.337,7,-12.563,0,0.0449,0.976,0.00679,0.125,0.148,73.437,audio_features,2hRKu8JDFxYUlXXtdLudLJ,spotify:track:2hRKu8JDFxYUlXXtdLudLJ,https://api.spotify.com/v1/tracks/2hRKu8JDFxYUlXXtdLudLJ,https://api.spotify.com/v1/audio-analysis/2hRKu8JDFxYUlXXtdLudLJ,100653,4,First Waiting for You,spotify:track:2hRKu8JDFxYUlXXtdLudLJ,Nick Cave & The Bad Seeds,4UXJsSlnKd7ltsrHebV79Q
25,0.376,0.253,2,-15.701,1,0.0382,0.863,0.243,0.0939,0.239,134.699,audio_features,6jBxg5RUGMM5K1Hp9YoIkd,spotify:track:6jBxg5RUGMM5K1Hp9YoIkd,https://api.spotify.com/v1/tracks/6jBxg5RUGMM5K1Hp9YoIkd,https://api.spotify.com/v1/audio-analysis/6jBxg5RUGMM5K1Hp9YoIkd,100987,4,Sudden Song,spotify:track:6jBxg5RUGMM5K1Hp9YoIkd,Nick Cave & The Bad Seeds,4UXJsSlnKd7ltsrHebV79Q
26,0.16,0.2,5,-11.614,1,0.0359,0.73,0.598,0.0949,0.0565,95.861,audio_features,2rY9iZCEm8iPSfFZj9XQwy,spotify:track:2rY9iZCEm8iPSfFZj9XQwy,https://api.spotify.com/v1/tracks/2rY9iZCEm8iPSfFZj9XQwy,https://api.spotify.com/v1/audio-analysis/2rY9iZCEm8iPSfFZj9XQwy,179440,3,Earthlings,spotify:track:2rY9iZCEm8iPSfFZj9XQwy,Nick Cave & The Bad Seeds,4UXJsSlnKd7ltsrHebV79Q
27,0.527,0.226,11,-25.243,0,0.843,0.539,1.83e-05,0.116,0.242,179.758,audio_features,16IoFJJYNmmc5tWfJy7WJs,spotify:track:16IoFJJYNmmc5tWfJy7WJs,https://api.spotify.com/v1/tracks/16IoFJJYNmmc5tWfJy7WJs,https://api.spotify.com/v1/audio-analysis/16IoFJJYNmmc5tWfJy7WJs,108053,3,"Spinning Song - Live at Alexandra Palace, 2020",spotify:track:16IoFJJYNmmc5tWfJy7WJs,Nick Cave & The Bad Seeds,4UXJsSlnKd7ltsrHebV79Q
28,0.592,0.107,3,-12.779,1,0.0537,0.956,3.1e-05,0.1,0.27,116.457,audio_features,1wM8Ob7C63nDCh1AvRmQby,spotify:track:1wM8Ob7C63nDCh1AvRmQby,https://api.spotify.com/v1/tracks/1wM8Ob7C63nDCh1AvRmQby,https://api.spotify.com/v1/audio-analysis/1wM8Ob7C63nDCh1AvRmQby,189107,5,"Idiot Prayer - Live at Alexandra Palace, 2020",spotify:track:1wM8Ob7C63nDCh1AvRmQby,Nick Cave & The Bad Seeds,4UXJsSlnKd7ltsrHebV79Q
29,0.478,0.0809,2,-16.101,1,0.0399,0.986,0.00153,0.0844,0.129,130.105,audio_features,0l6hjshGL41pD1x6ywqPhg,spotify:track:0l6hjshGL41pD1x6ywqPhg,https://api.spotify.com/v1/tracks/0l6hjshGL41pD1x6ywqPhg,https://api.spotify.com/v1/audio-analysis/0l6hjshGL41pD1x6ywqPhg,223667,4,"Sad Waters - Live at Alexandra Palace, 2020",spotify:track:0l6hjshGL41pD1x6ywqPhg,Nick Cave & The Bad Seeds,4UXJsSlnKd7ltsrHebV79Q
30,0.559,0.0861,0,-16.748,1,0.0637,0.953,0.000691,0.078,0.0943,80.862,audio_features,6PTnYvCkK8I3vH3ycE3ka5,spotify:track:6PTnYvCkK8I3vH3ycE3ka5,https://api.spotify.com/v1/tracks/6PTnYvCkK8I3vH3ycE3ka5,https://api.spotify.com/v1/audio-analysis/6PTnYvCkK8I3vH3ycE3ka5,201880,4,"Brompton Oratory - Live at Alexandra Palace, 2020",spotify:track:6PTnYvCkK8I3vH3ycE3ka5,Nick Cave & The Bad Seeds,4UXJsSlnKd7ltsrHebV79Q
31,0.613,0.237,5,-12.319,1,0.0641,0.951,0.0,0.126,0.121,99.816,audio_features,1DPjxORmW87qR5TI76jdEJ,spotify:track:1DPjxORmW87qR5TI76jdEJ,https://api.spotify.com/v1/tracks/1DPjxORmW87qR5TI76jdEJ,https://api.spotify.com/v1/audio-analysis/1DPjxORmW87qR5TI76jdEJ,224427,4,"Palaces of Montezuma - Live at Alexandra Palace, 2020",spotify:track:1DPjxORmW87qR5TI76jdEJ,Nick Cave & The Bad Seeds,4UXJsSlnKd7ltsrHebV79Q
32,0.538,0.115,2,-15.525,0,0.0509,0.954,1.81e-05,0.107,0.184,142.264,audio_features,2eqgekiAkHxSJr0DfowhK2,spotify:track:2eqgekiAkHxSJr0DfowhK2,https://api.spotify.com/v1/tracks/2eqgekiAkHxSJr0DfowhK2,https://api.spotify.com/v1/audio-analysis/2eqgekiAkHxSJr0DfowhK2,271573,4,"Girl in Amber - Live at Alexandra Palace, 2020",spotify:track:2eqgekiAkHxSJr0DfowhK2,Nick Cave & The Bad Seeds,4UXJsSlnKd7ltsrHebV79Q
33,0.504,0.0698,4,-13.832,0,0.0539,0.963,0.00018,0.0842,0.22,134.312,audio_features,373tfe7Oe5i2g20SRSId6e,spotify:track:373tfe7Oe5i2g20SRSId6e,https://api.spotify.com/v1/tracks/373tfe7Oe5i2g20SRSId6e,https://api.spotify.com/v1/audio-analysis/373tfe7Oe5i2g20SRSId6e,183653,4,"Man in the Moon - Live at Alexandra Palace, 2020",spotify:track:373tfe7Oe5i2g20SRSId6e,Nick Cave & The Bad Seeds,4UXJsSlnKd7ltsrHebV79Q
34,0.467,0.102,3,-15.785,1,0.0457,0.968,0.000772,0.337,0.207,165.456,audio_features,6nDGTxO7e8IyfpH7coOET4,spotify:track:6nDGTxO7e8IyfpH7coOET4,https://api.spotify.com/v1/tracks/6nDGTxO7e8IyfpH7coOET4,https://api.spotify.com/v1/audio-analysis/6nDGTxO7e8IyfpH7coOET4,237373,3,"Nobody's Baby Now - Live at Alexandra Palace, 2020",spotify:track:6nDGTxO7e8IyfpH7coOET4,Nick Cave & The Bad Seeds,4UXJsSlnKd7ltsrHebV79Q
35,0.476,0.106,11,-16.441,0,0.066,0.968,4.43e-05,0.144,0.12,74.229,audio_features,6G8ZV6Ydq62aE6wMphPqnF,spotify:track:6G8ZV6Ydq62aE6wMphPqnF,https://api.spotify.com/v1/tracks/6G8ZV6Ydq62aE6wMphPqnF,https://api.spotify.com/v1/audio-analysis/6G8ZV6Ydq62aE6wMphPqnF,269760,4,"(Are You) the One That I’ve Been Waiting For? - Live at Alexandra Palace, 2020",spotify:track:6G8ZV6Ydq62aE6wMphPqnF,Nick Cave & The Bad Seeds,4UXJsSlnKd7ltsrHebV79Q
36,0.447,0.102,7,-16.068,0,0.0542,0.952,6.29e-06,0.111,0.173,134.173,audio_features,5P0IkiDKA3ZQg1ZuaxnjRb,spotify:track:5P0IkiDKA3ZQg1ZuaxnjRb,https://api.spotify.com/v1/tracks/5P0IkiDKA3ZQg1ZuaxnjRb,https://api.spotify.com/v1/audio-analysis/5P0IkiDKA3ZQg1ZuaxnjRb,182987,3,"Waiting for You - Live at Alexandra Palace, 2020",spotify:track:5P0IkiDKA3ZQg1ZuaxnjRb,Nick Cave & The Bad Seeds,4UXJsSlnKd7ltsrHebV79Q
37,0.469,0.291,0,-10.073,1,0.11,0.942,2.57e-06,0.0864,0.191,82.856,audio_features,4FLhQ5HpB46gYTYtwC5nGJ,spotify:track:4FLhQ5HpB46gYTYtwC5nGJ,https://api.spotify.com/v1/tracks/4FLhQ5HpB46gYTYtwC5nGJ,https://api.spotify.com/v1/audio-analysis/4FLhQ5HpB46gYTYtwC5nGJ,295373,4,"The Mercy Seat - Live at Alexandra Palace, 2020",spotify:track:4FLhQ5HpB46gYTYtwC5nGJ,Nick Cave & The Bad Seeds,4UXJsSlnKd7ltsrHebV79Q
38,0.54,0.0826,3,-19.454,1,0.0625,0.954,6.46e-05,0.065,0.29,130.531,audio_features,2AtFwyitEHJty2Nm1cDKGK,spotify:track:2AtFwyitEHJty2Nm1cDKGK,https://api.spotify.com/v1/tracks/2AtFwyitEHJty2Nm1cDKGK,https://api.spotify.com/v1/audio-analysis/2AtFwyitEHJty2Nm1cDKGK,178813,4,"Euthanasia - Live at Alexandra Palace, 2020",spotify:track:2AtFwyitEHJty2Nm1cDKGK,Nick Cave & The Bad Seeds,4UXJsSlnKd7ltsrHebV79Q
39,0.52,0.294,0,-9.066,0,0.0412,0.925,2.47e-05,0.0718,0.0924,94.867,audio_features,7nzawV8badgt9VqSSTolnq,spotify:track:7nzawV8badgt9VqSSTolnq,https://api.spotify.com/v1/tracks/7nzawV8badgt9VqSSTolnq,https://api.spotify.com/v1/audio-analysis/7nzawV8badgt9VqSSTolnq,271800,4,"Jubilee Street - Live at Alexandra Palace, 2020",spotify:track:7nzawV8badgt9VqSSTolnq,Nick Cave & The Bad Seeds,4UXJsSlnKd7ltsrHebV79Q
40,0.448,0.0886,0,-16.856,1,0.0407,0.969,2.25e-05,0.0843,0.0864,74.128,audio_features,6Wo5NlO2phBTGvQiqCDewR,spotify:track:6Wo5NlO2phBTGvQiqCDewR,https://api.spotify.com/v1/tracks/6Wo5NlO2phBTGvQiqCDewR,https://api.spotify.com/v1/audio-analysis/6Wo5NlO2phBTGvQiqCDewR,253987,4,"Far from Me - Live at Alexandra Palace, 2020",spotify:track:6Wo5NlO2phBTGvQiqCDewR,Nick Cave & The Bad Seeds,4UXJsSlnKd7ltsrHebV79Q
41,0.533,0.178,3,-13.598,1,0.0373,0.94,1.81e-05,0.109,0.17,130.465,audio_features,1vOMOjudEk8vGqk6fYFWo7,spotify:track:1vOMOjudEk8vGqk6fYFWo7,https://api.spotify.com/v1/tracks/1vOMOjudEk8vGqk6fYFWo7,https://api.spotify.com/v1/audio-analysis/1vOMOjudEk8vGqk6fYFWo7,172787,4,"He Wants You - Live at Alexandra Palace, 2020",spotify:track:1vOMOjudEk8vGqk6fYFWo7,Nick Cave & The Bad Seeds,4UXJsSlnKd7ltsrHebV79Q
42,0.457,0.131,11,-13.604,0,0.0645,0.943,6.82e-06,0.153,0.125,78.63,audio_features,0QUuxzc3gSZ7ZbrgrRhgud,spotify:track:0QUuxzc3gSZ7ZbrgrRhgud,https://api.spotify.com/v1/tracks/0QUuxzc3gSZ7ZbrgrRhgud,https://api.spotify.com/v1/audio-analysis/0QUuxzc3gSZ7ZbrgrRhgud,419467,4,"Higgs Boson Blues - Live at Alexandra Palace, 2020",spotify:track:0QUuxzc3gSZ7ZbrgrRhgud,Nick Cave & The Bad Seeds,4UXJsSlnKd7ltsrHebV79Q
43,0.488,0.0717,7,-17.285,0,0.0429,0.897,6.94e-06,0.102,0.107,80.62,audio_features,0gXYCPyLIUgIDxe3yrAkiC,spotify:track:0gXYCPyLIUgIDxe3yrAkiC,https://api.spotify.com/v1/tracks/0gXYCPyLIUgIDxe3yrAkiC,https://api.spotify.com/v1/audio-analysis/0gXYCPyLIUgIDxe3yrAkiC,213840,4,"Stranger Than Kindness - Live at Alexandra Palace, 2020",spotify:track:0gXYCPyLIUgIDxe3yrAkiC,Nick Cave & The Bad Seeds,4UXJsSlnKd7ltsrHebV79Q
44,0.48,0.0701,0,-18.323,1,0.042,0.978,0.0466,0.105,0.191,82.052,audio_features,3q64gtVDc4WIWs2idaHphg,spotify:track:3q64gtVDc4WIWs2idaHphg,https://api.spotify.com/v1/tracks/3q64gtVDc4WIWs2idaHphg,https://api.spotify.com/v1/audio-analysis/3q64gtVDc4WIWs2idaHphg,293067,4,"Into My Arms - Live at Alexandra Palace, 2020",spotify:track:3q64gtVDc4WIWs2idaHphg,Nick Cave & The Bad Seeds,4UXJsSlnKd7ltsrHebV79Q
45,0.484,0.0853,7,-14.291,1,0.0469,0.973,1.77e-05,0.129,0.194,78.828,audio_features,2NDKOGizSPgQWArqPg9Eur,spotify:track:2NDKOGizSPgQWArqPg9Eur,https://api.spotify.com/v1/tracks/2NDKOGizSPgQWArqPg9Eur,https://api.spotify.com/v1/audio-analysis/2NDKOGizSPgQWArqPg9Eur,188160,4,"The Ship Song - Live at Alexandra Palace, 2020",spotify:track:2NDKOGizSPgQWArqPg9Eur,Nick Cave & The Bad Seeds,4UXJsSlnKd7ltsrHebV79Q
46,0.558,0.311,0,-10.94,1,0.139,0.953,3.95e-06,0.0601,0.0767,130.813,audio_features,6mOXJ28AiEi74yAVLxJnR9,spotify:track:6mOXJ28AiEi74yAVLxJnR9,https://api.spotify.com/v1/tracks/6mOXJ28AiEi74yAVLxJnR9,https://api.spotify.com/v1/audio-analysis/6mOXJ28AiEi74yAVLxJnR9,271067,3,"Papa Won't Leave You, Henry - Live at Alexandra Palace, 2020",spotify:track:6mOXJ28AiEi74yAVLxJnR9,Nick Cave & The Bad Seeds,4UXJsSlnKd7ltsrHebV79Q
47,0.545,0.0465,0,-22.723,1,0.049,0.957,0.00296,0.0912,0.127,100.292,audio_features,2QaHoxZRnSRYpfGcxD3QTB,spotify:track:2QaHoxZRnSRYpfGcxD3QTB,https://api.spotify.com/v1/tracks/2QaHoxZRnSRYpfGcxD3QTB,https://api.spotify.com/v1/audio-analysis/2QaHoxZRnSRYpfGcxD3QTB,182947,4,"Black Hair - Live at Alexandra Palace, 2020",spotify:track:2QaHoxZRnSRYpfGcxD3QTB,Nick Cave & The Bad Seeds,4UXJsSlnKd7ltsrHebV79Q
48,0.396,0.0753,10,-15.888,1,0.0511,0.964,6.31e-05,0.0829,0.162,83.692,audio_features,2m4ItqKiNeZlKOvYlz21Fn,spotify:track:2m4ItqKiNeZlKOvYlz21Fn,https://api.spotify.com/v1/tracks/2m4ItqKiNeZlKOvYlz21Fn,https://api.spotify.com/v1/audio-analysis/2m4ItqKiNeZlKOvYlz21Fn,211040,4,"Galleon Ship - Live at Alexandra Palace, 2020",spotify:track:2m4ItqKiNeZlKOvYlz21Fn,Nick Cave & The Bad Seeds,4UXJsSlnKd7ltsrHebV79Q
49,0.237,0.259,2,-10.813,0,0.0326,0.769,0.0024,0.085,0.0397,88.555,audio_features,72V81lW2tPby9gn8UYMbxA,spotify:track:72V81lW2tPby9gn8UYMbxA,https://api.spotify.com/v1/tracks/72V81lW2tPby9gn8UYMbxA,https://api.spotify.com/v1/audio-analysis/72V81lW2tPby9gn8UYMbxA,283520,4,Spinning Song,spotify:track:72V81lW2tPby9gn8UYMbxA,Nick Cave & The Bad Seeds,4UXJsSlnKd7ltsrHebV79Q
50,0.316,0.299,0,-11.829,0,0.032,0.928,0.00642,0.109,0.17,80.127,audio_features,6wIwQaux8ooqB7nDGBfPuv,spotify:track:6wIwQaux8ooqB7nDGBfPuv,https://api.spotify.com/v1/tracks/6wIwQaux8ooqB7nDGBfPuv,https://api.spotify.com/v1/audio-analysis/6wIwQaux8ooqB7nDGBfPuv,292536,3,Bright Horses,spotify:track:6wIwQaux8ooqB7nDGBfPuv,Nick Cave & The Bad Seeds,4UXJsSlnKd7ltsrHebV79Q
51,0.31,0.292,7,-10.04,0,0.0436,0.897,3.34e-05,0.207,0.16,69.186,audio_features,1aaUv9RdPa2zEKvaxbHHpc,spotify:track:1aaUv9RdPa2zEKvaxbHHpc,https://api.spotify.com/v1/tracks/1aaUv9RdPa2zEKvaxbHHpc,https://api.spotify.com/v1/audio-analysis/1aaUv9RdPa2zEKvaxbHHpc,234394,4,Waiting for You,spotify:track:1aaUv9RdPa2zEKvaxbHHpc,Nick Cave & The Bad Seeds,4UXJsSlnKd7ltsrHebV79Q
52,0.322,0.294,7,-12.016,1,0.0361,0.835,0.167,0.144,0.0858,115.665,audio_features,2qt4bd29McCoSrY6Y7LAT8,spotify:track:2qt4bd29McCoSrY6Y7LAT8,https://api.spotify.com/v1/tracks/2qt4bd29McCoSrY6Y7LAT8,https://api.spotify.com/v1/audio-analysis/2qt4bd29McCoSrY6Y7LAT8,307585,4,Night Raid,spotify:track:2qt4bd29McCoSrY6Y7LAT8,Nick Cave & The Bad Seeds,4UXJsSlnKd7ltsrHebV79Q
53,0.176,0.236,7,-12.461,0,0.0339,0.883,0.282,0.0593,0.0361,87.562,audio_features,0fK6y3TqnsEoKnN8L4ZXSH,spotify:track:0fK6y3TqnsEoKnN8L4ZXSH,https://api.spotify.com/v1/tracks/0fK6y3TqnsEoKnN8L4ZXSH,https://api.spotify.com/v1/audio-analysis/0fK6y3TqnsEoKnN8L4ZXSH,406187,3,Sun Forest,spotify:track:0fK6y3TqnsEoKnN8L4ZXSH,Nick Cave & The Bad Seeds,4UXJsSlnKd7ltsrHebV79Q
54,0.236,0.358,10,-10.185,1,0.041,0.0462,0.0695,0.145,0.036,116.513,audio_features,0Z04fUQyKGls1iV1LLHVER,spotify:track:0Z04fUQyKGls1iV1LLHVER,https://api.spotify.com/v1/tracks/0Z04fUQyKGls1iV1LLHVER,https://api.spotify.com/v1/audio-analysis/0Z04fUQyKGls1iV1LLHVER,254509,3,Galleon Ship,spotify:track:0Z04fUQyKGls1iV1LLHVER,Nick Cave & The Bad Seeds,4UXJsSlnKd7ltsrHebV79Q
55,0.116,0.302,5,-9.242,1,0.0356,0.46,0.00326,0.112,0.12,62.161,audio_features,5SBzfFTXKKcyv6hGR0IVqg,spotify:track:5SBzfFTXKKcyv6hGR0IVqg,https://api.spotify.com/v1/tracks/5SBzfFTXKKcyv6hGR0IVqg,https://api.spotify.com/v1/audio-analysis/5SBzfFTXKKcyv6hGR0IVqg,242556,3,Ghosteen Speaks,spotify:track:5SBzfFTXKKcyv6hGR0IVqg,Nick Cave & The Bad Seeds,4UXJsSlnKd7ltsrHebV79Q
56,0.29,0.186,5,-13.756,1,0.0365,0.842,0.619,0.105,0.0321,118.192,audio_features,45VfmXBlB2Ej0fOTbt9h1l,spotify:track:45VfmXBlB2Ej0fOTbt9h1l,https://api.spotify.com/v1/tracks/45VfmXBlB2Ej0fOTbt9h1l,https://api.spotify.com/v1/audio-analysis/45VfmXBlB2Ej0fOTbt9h1l,287971,3,Leviathan,spotify:track:45VfmXBlB2Ej0fOTbt9h1l,Nick Cave & The Bad Seeds,4UXJsSlnKd7ltsrHebV79Q
57,0.159,0.238,0,-12.024,1,0.0324,0.622,0.0322,0.112,0.0389,94.081,audio_features,3H44zNYVAnMM5vqAHVOZ6X,spotify:track:3H44zNYVAnMM5vqAHVOZ6X,https://api.spotify.com/v1/tracks/3H44zNYVAnMM5vqAHVOZ6X,https://api.spotify.com/v1/audio-analysis/3H44zNYVAnMM5vqAHVOZ6X,730678,4,Ghosteen,spotify:track:3H44zNYVAnMM5vqAHVOZ6X,Nick Cave & The Bad Seeds,4UXJsSlnKd7ltsrHebV79Q
58,0.202,0.194,5,-21.032,1,0.036,0.424,1.83e-05,0.174,0.329,79.534,audio_features,0LBKTXsZNNMYEasgRiks5H,spotify:track:0LBKTXsZNNMYEasgRiks5H,https://api.spotify.com/v1/tracks/0LBKTXsZNNMYEasgRiks5H,https://api.spotify.com/v1/audio-analysis/0LBKTXsZNNMYEasgRiks5H,203286,1,Fireflies,spotify:track:0LBKTXsZNNMYEasgRiks5H,Nick Cave & The Bad Seeds,4UXJsSlnKd7ltsrHebV79Q
59,0.227,0.309,0,-12.668,1,0.0321,0.785,0.0339,0.107,0.0734,98.322,audio_features,6k52oa1yaAHNxzXk4My7N5,spotify:track:6k52oa1yaAHNxzXk4My7N5,https://api.spotify.com/v1/tracks/6k52oa1yaAHNxzXk4My7N5,https://api.spotify.com/v1/audio-analysis/6k52oa1yaAHNxzXk4My7N5,852282,3,Hollywood,spotify:track:6k52oa1yaAHNxzXk4My7N5,Nick Cave & The Bad Seeds,4UXJsSlnKd7ltsrHebV79Q
60,0.277,0.492,7,-12.033,1,0.0383,0.343,0.878,0.108,0.126,155.277,audio_features,4GDQIeH1UU1nRdki0METND,spotify:track:4GDQIeH1UU1nRdki0METND,https://api.spotify.com/v1/tracks/4GDQIeH1UU1nRdki0METND,https://api.spotify.com/v1/audio-analysis/4GDQIeH1UU1nRdki0METND,352253,3,Jesus Alone,spotify:track:4GDQIeH1UU1nRdki0METND,Nick Cave & The Bad Seeds,4UXJsSlnKd7ltsrHebV79Q
61,0.353,0.638,0,-9.335,1,0.0583,0.861,6.19e-05,0.102,0.288,77.395,audio_features,2DJm8k4qUOF5m9yiDPt6gE,spotify:track:2DJm8k4qUOF5m9yiDPt6gE,https://api.spotify.com/v1/tracks/2DJm8k4qUOF5m9yiDPt6gE,https://api.spotify.com/v1/audio-analysis/2DJm8k4qUOF5m9yiDPt6gE,208520,4,Rings Of Saturn,spotify:track:2DJm8k4qUOF5m9yiDPt6gE,Nick Cave & The Bad Seeds,4UXJsSlnKd7ltsrHebV79Q
62,0.309,0.307,2,-12.321,0,0.0324,0.854,2.64e-06,0.238,0.131,132.997,audio_features,6nL1A5WUhZWCrPhz07yKtU,spotify:track:6nL1A5WUhZWCrPhz07yKtU,https://api.spotify.com/v1/tracks/6nL1A5WUhZWCrPhz07yKtU,https://api.spotify.com/v1/audio-analysis/6nL1A5WUhZWCrPhz07yKtU,291027,4,Girl In Amber,spotify:track:6nL1A5WUhZWCrPhz07yKtU,Nick Cave & The Bad Seeds,4UXJsSlnKd7ltsrHebV79Q
63,0.289,0.165,5,-17.65,0,0.0451,0.862,0.771,0.11,0.139,122.749,audio_features,7kv4GA9KVYMWk2cT0LteGV,spotify:track:7kv4GA9KVYMWk2cT0LteGV,https://api.spotify.com/v1/tracks/7kv4GA9KVYMWk2cT0LteGV,https://api.spotify.com/v1/audio-analysis/7kv4GA9KVYMWk2cT0LteGV,322387,3,Magneto,spotify:track:7kv4GA9KVYMWk2cT0LteGV,Nick Cave & The Bad Seeds,4UXJsSlnKd7ltsrHebV79Q
64,0.286,0.44,2,-10.315,1,0.0319,0.272,0.0288,0.32,0.0653,109.281,audio_features,12AKOVQ1cXM7f39dpLhCwt,spotify:track:12AKOVQ1cXM7f39dpLhCwt,https://api.spotify.com/v1/tracks/12AKOVQ1cXM7f39dpLhCwt,https://api.spotify.com/v1/audio-analysis/12AKOVQ1cXM7f39dpLhCwt,274427,3,Anthrocene,spotify:track:12AKOVQ1cXM7f39dpLhCwt,Nick Cave & The Bad Seeds,4UXJsSlnKd7ltsrHebV79Q
65,0.303,0.464,9,-10.212,1,0.0347,0.912,0.00859,0.0979,0.0965,114.379,audio_features,2MWyl7mj5wM75B3t3D5z4E,spotify:track:2MWyl7mj5wM75B3t3D5z4E,https://api.spotify.com/v1/tracks/2MWyl7mj5wM75B3t3D5z4E,https://api.spotify.com/v1/audio-analysis/2MWyl7mj5wM75B3t3D5z4E,358027,4,I Need You,spotify:track:2MWyl7mj5wM75B3t3D5z4E,Nick Cave & The Bad Seeds,4UXJsSlnKd7ltsrHebV79Q
66,0.216,0.207,5,-14.341,1,0.0333,0.962,0.316,0.0985,0.0411,91.551,audio_features,6Os4eDkEJjmLa7LJlQYNCl,spotify:track:6Os4eDkEJjmLa7LJlQYNCl,https://api.spotify.com/v1/tracks/6Os4eDkEJjmLa7LJlQYNCl,https://api.spotify.com/v1/audio-analysis/6Os4eDkEJjmLa7LJlQYNCl,336373,4,Distant Sky,spotify:track:6Os4eDkEJjmLa7LJlQYNCl,Nick Cave & The Bad Seeds,4UXJsSlnKd7ltsrHebV79Q
67,0.455,0.315,3,-12.931,1,0.0267,0.953,0.00409,0.0953,0.146,62.461,audio_features,3iC4tcs4MfcTBXMV2ptj1M,spotify:track:3iC4tcs4MfcTBXMV2ptj1M,https://api.spotify.com/v1/tracks/3iC4tcs4MfcTBXMV2ptj1M,https://api.spotify.com/v1/audio-analysis/3iC4tcs4MfcTBXMV2ptj1M,241533,4,Skeleton Tree,spotify:track:3iC4tcs4MfcTBXMV2ptj1M,Nick Cave & The Bad Seeds,4UXJsSlnKd7ltsrHebV79Q
68,0.337,0.417,11,-9.867,0,0.0295,0.756,0.00206,0.695,0.225,114.734,audio_features,03QzpztcWhNvRb9zHPg5Q3,spotify:track:03QzpztcWhNvRb9zHPg5Q3,https://api.spotify.com/v1/tracks/03QzpztcWhNvRb9zHPg5Q3,https://api.spotify.com/v1/audio-analysis/03QzpztcWhNvRb9zHPg5Q3,526347,4,Higgs Boson Blues - Live from KCRW,spotify:track:03QzpztcWhNvRb9zHPg5Q3,Nick Cave & The Bad Seeds,4UXJsSlnKd7ltsrHebV79Q
69,0.378,0.39,0,-12.218,1,0.0582,0.627,0.0065,0.688,0.294,118.502,audio_features,5MmnxjdtxxQym16UTV86hm,spotify:track:5MmnxjdtxxQym16UTV86hm,https://api.spotify.com/v1/tracks/5MmnxjdtxxQym16UTV86hm,https://api.spotify.com/v1/audio-analysis/5MmnxjdtxxQym16UTV86hm,327147,4,Far From Me - Live from KCRW,spotify:track:5MmnxjdtxxQym16UTV86hm,Nick Cave & The Bad Seeds,4UXJsSlnKd7ltsrHebV79Q
70,0.446,0.546,7,-10.012,0,0.0348,0.34,0.543,0.136,0.0717,114.556,audio_features,5aDAeXVyVuANk2k1jQ6DtB,spotify:track:5aDAeXVyVuANk2k1jQ6DtB,https://api.spotify.com/v1/tracks/5aDAeXVyVuANk2k1jQ6DtB,https://api.spotify.com/v1/audio-analysis/5aDAeXVyVuANk2k1jQ6DtB,293413,4,Stranger Than Kindness - Live from KCRW,spotify:track:5aDAeXVyVuANk2k1jQ6DtB,Nick Cave & The Bad Seeds,4UXJsSlnKd7ltsrHebV79Q
71,0.356,0.334,0,-11.409,1,0.0337,0.745,5.57e-05,0.703,0.231,120.136,audio_features,1Uy2fW2iGQBhaSLleFQleq,spotify:track:1Uy2fW2iGQBhaSLleFQleq,https://api.spotify.com/v1/tracks/1Uy2fW2iGQBhaSLleFQleq,https://api.spotify.com/v1/audio-analysis/1Uy2fW2iGQBhaSLleFQleq,311053,4,The Mercy Seat - Live from KCRW,spotify:track:1Uy2fW2iGQBhaSLleFQleq,Nick Cave & The Bad Seeds,4UXJsSlnKd7ltsrHebV79Q
72,0.394,0.292,2,-13.326,0,0.043,0.796,0.000646,0.699,0.116,117.133,audio_features,3Q7KN3o25OTZ7egTOtJ1ES,spotify:track:3Q7KN3o25OTZ7egTOtJ1ES,https://api.spotify.com/v1/tracks/3Q7KN3o25OTZ7egTOtJ1ES,https://api.spotify.com/v1/audio-analysis/3Q7KN3o25OTZ7egTOtJ1ES,230853,4,And No More Shall We Part - Live from KCRW,spotify:track:3Q7KN3o25OTZ7egTOtJ1ES,Nick Cave & The Bad Seeds,4UXJsSlnKd7ltsrHebV79Q
73,0.468,0.458,7,-11.881,1,0.046,0.648,0.202,0.7,0.324,78.025,audio_features,1FgqSLfbFhPiNgHEsWdlqi,spotify:track:1FgqSLfbFhPiNgHEsWdlqi,https://api.spotify.com/v1/tracks/1FgqSLfbFhPiNgHEsWdlqi,https://api.spotify.com/v1/audio-analysis/1FgqSLfbFhPiNgHEsWdlqi,253160,4,Wide Lovely Eyes - Live from KCRW,spotify:track:1FgqSLfbFhPiNgHEsWdlqi,Nick Cave & The Bad Seeds,4UXJsSlnKd7ltsrHebV79Q
74,0.357,0.482,2,-9.82,0,0.0329,0.859,0.208,0.55,0.296,129.08,audio_features,6EmpgTLYG48N4QIKiHrDCj,spotify:track:6EmpgTLYG48N4QIKiHrDCj,https://api.spotify.com/v1/tracks/6EmpgTLYG48N4QIKiHrDCj,https://api.spotify.com/v1/audio-analysis/6EmpgTLYG48N4QIKiHrDCj,323200,4,Mermaids - Live from KCRW,spotify:track:6EmpgTLYG48N4QIKiHrDCj,Nick Cave & The Bad Seeds,4UXJsSlnKd7ltsrHebV79Q
75,0.474,0.266,0,-12.901,1,0.0749,0.86,0.000317,0.84,0.226,118.679,audio_features,4gt18YuYqrddG3LtWMelO5,spotify:track:4gt18YuYqrddG3LtWMelO5,https://api.spotify.com/v1/tracks/4gt18YuYqrddG3LtWMelO5,https://api.spotify.com/v1/audio-analysis/4gt18YuYqrddG3LtWMelO5,318160,3,People Ain't No Good - Live from KCRW,spotify:track:4gt18YuYqrddG3LtWMelO5,Nick Cave & The Bad Seeds,4UXJsSlnKd7ltsrHebV79Q
76,0.33,0.259,5,-14.618,0,0.054,0.938,0.0387,0.709,0.0392,124.942,audio_features,7iLJaizoXgsfVJlj2GMgXs,spotify:track:7iLJaizoXgsfVJlj2GMgXs,https://api.spotify.com/v1/tracks/7iLJaizoXgsfVJlj2GMgXs,https://api.spotify.com/v1/audio-analysis/7iLJaizoXgsfVJlj2GMgXs,286413,4,Push the Sky Away - Live from KCRW,spotify:track:7iLJaizoXgsfVJlj2GMgXs,Nick Cave & The Bad Seeds,4UXJsSlnKd7ltsrHebV79Q
77,0.21,0.945,2,-7.273,0,0.145,0.0106,0.219,0.985,0.328,143.902,audio_features,4RQRfbvrHIb1tY4CZ2mMGn,spotify:track:4RQRfbvrHIb1tY4CZ2mMGn,https://api.spotify.com/v1/tracks/4RQRfbvrHIb1tY4CZ2mMGn,https://api.spotify.com/v1/audio-analysis/4RQRfbvrHIb1tY4CZ2mMGn,268080,4,Jack The Ripper - Live from KCRW,spotify:track:4RQRfbvrHIb1tY4CZ2mMGn,Nick Cave & The Bad Seeds,4UXJsSlnKd7ltsrHebV79Q
78,0.687,0.289,9,-13.004,0,0.0427,0.502,0.0282,0.14,0.334,75.125,audio_features,5lXGXHz2hLmundOtfjHgCY,spotify:track:5lXGXHz2hLmundOtfjHgCY,https://api.spotify.com/v1/tracks/5lXGXHz2hLmundOtfjHgCY,https://api.spotify.com/v1/audio-analysis/5lXGXHz2hLmundOtfjHgCY,244760,4,We No Who U R,spotify:track:5lXGXHz2hLmundOtfjHgCY,Nick Cave & The Bad Seeds,4UXJsSlnKd7ltsrHebV79Q
79,0.58,0.292,7,-15.128,1,0.0582,0.6,0.000733,0.0813,0.576,156.681,audio_features,2Dd1hV8caksYdmYteqVCEX,spotify:track:2Dd1hV8caksYdmYteqVCEX,https://api.spotify.com/v1/tracks/2Dd1hV8caksYdmYteqVCEX,https://api.spotify.com/v1/audio-analysis/2Dd1hV8caksYdmYteqVCEX,220147,4,Wide Lovely Eyes,spotify:track:2Dd1hV8caksYdmYteqVCEX,Nick Cave & The Bad Seeds,4UXJsSlnKd7ltsrHebV79Q
80,0.316,0.545,9,-11.031,0,0.0798,0.475,0.0011,0.123,0.272,79.889,audio_features,4sOhQ5Yfpq4jvfI7q4EZE9,spotify:track:4sOhQ5Yfpq4jvfI7q4EZE9,https://api.spotify.com/v1/tracks/4sOhQ5Yfpq4jvfI7q4EZE9,https://api.spotify.com/v1/audio-analysis/4sOhQ5Yfpq4jvfI7q4EZE9,229067,3,Water's Edge,spotify:track:4sOhQ5Yfpq4jvfI7q4EZE9,Nick Cave & The Bad Seeds,4UXJsSlnKd7ltsrHebV79Q
81,0.341,0.422,5,-10.596,1,0.0293,0.43,0.00241,0.22,0.327,83.33,audio_features,76Q9wf2sC4BQbg6AdvLHvJ,spotify:track:76Q9wf2sC4BQbg6AdvLHvJ,https://api.spotify.com/v1/tracks/76Q9wf2sC4BQbg6AdvLHvJ,https://api.spotify.com/v1/audio-analysis/76Q9wf2sC4BQbg6AdvLHvJ,395974,4,Jubilee Street,spotify:track:76Q9wf2sC4BQbg6AdvLHvJ,Nick Cave & The Bad Seeds,4UXJsSlnKd7ltsrHebV79Q
82,0.311,0.263,2,-15.854,0,0.0397,0.907,0.000156,0.118,0.365,71.202,audio_features,4MI4OynyyiGAsFjQ12LQaq,spotify:track:4MI4OynyyiGAsFjQ12LQaq,https://api.spotify.com/v1/tracks/4MI4OynyyiGAsFjQ12LQaq,https://api.spotify.com/v1/audio-analysis/4MI4OynyyiGAsFjQ12LQaq,229014,4,Mermaids,spotify:track:4MI4OynyyiGAsFjQ12LQaq,Nick Cave & The Bad Seeds,4UXJsSlnKd7ltsrHebV79Q
83,0.373,0.212,5,-15.644,1,0.044,0.772,0.277,0.153,0.144,163.315,audio_features,3b0xqEnohgdzOApqN9VV35,spotify:track:3b0xqEnohgdzOApqN9VV35,https://api.spotify.com/v1/tracks/3b0xqEnohgdzOApqN9VV35,https://api.spotify.com/v1/audio-analysis/3b0xqEnohgdzOApqN9VV35,258694,4,We Real Cool,spotify:track:3b0xqEnohgdzOApqN9VV35,Nick Cave & The Bad Seeds,4UXJsSlnKd7ltsrHebV79Q
84,0.622,0.216,0,-15.418,0,0.0517,0.871,0.0163,0.0996,0.354,77.217,audio_features,47S17BYfQyjIXIRBJ20LYW,spotify:track:47S17BYfQyjIXIRBJ20LYW,https://api.spotify.com/v1/tracks/47S17BYfQyjIXIRBJ20LYW,https://api.spotify.com/v1/audio-analysis/47S17BYfQyjIXIRBJ20LYW,268680,4,Finishing Jubilee Street,spotify:track:47S17BYfQyjIXIRBJ20LYW,Nick Cave & The Bad Seeds,4UXJsSlnKd7ltsrHebV79Q
85,0.392,0.42,11,-12.559,0,0.0413,0.831,0.000499,0.112,0.28,123.183,audio_features,5iZcoTR04zBUw9Bk8zKhtT,spotify:track:5iZcoTR04zBUw9Bk8zKhtT,https://api.spotify.com/v1/tracks/5iZcoTR04zBUw9Bk8zKhtT,https://api.spotify.com/v1/audio-analysis/5iZcoTR04zBUw9Bk8zKhtT,470654,4,Higgs Boson Blues,spotify:track:5iZcoTR04zBUw9Bk8zKhtT,Nick Cave & The Bad Seeds,4UXJsSlnKd7ltsrHebV79Q
86,0.284,0.112,5,-21.632,0,0.0447,0.819,0.593,0.114,0.0392,69.01,audio_features,0kQcDptTjBvS1FxsBJ7VrA,spotify:track:0kQcDptTjBvS1FxsBJ7VrA,https://api.spotify.com/v1/tracks/0kQcDptTjBvS1FxsBJ7VrA,https://api.spotify.com/v1/audio-analysis/0kQcDptTjBvS1FxsBJ7VrA,247496,4,Push the Sky Away,spotify:track:0kQcDptTjBvS1FxsBJ7VrA,Nick Cave & The Bad Seeds,4UXJsSlnKd7ltsrHebV79Q
87,0.688,0.267,9,-14.031,0,0.0445,0.497,0.0265,0.147,0.291,75.09,audio_features,3oZxxiTWBN9jpGytdZTPDM,spotify:track:3oZxxiTWBN9jpGytdZTPDM,https://api.spotify.com/v1/tracks/3oZxxiTWBN9jpGytdZTPDM,https://api.spotify.com/v1/audio-analysis/3oZxxiTWBN9jpGytdZTPDM,244760,4,We No Who U R,spotify:track:3oZxxiTWBN9jpGytdZTPDM,Nick Cave & The Bad Seeds,4UXJsSlnKd7ltsrHebV79Q
88,0.581,0.274,7,-16.152,1,0.06,0.585,0.00081,0.0794,0.573,156.714,audio_features,2H8NAFAU5ADnOOJQ26D6ac,spotify:track:2H8NAFAU5ADnOOJQ26D6ac,https://api.spotify.com/v1/tracks/2H8NAFAU5ADnOOJQ26D6ac,https://api.spotify.com/v1/audio-analysis/2H8NAFAU5ADnOOJQ26D6ac,220147,4,Wide Lovely Eyes,spotify:track:2H8NAFAU5ADnOOJQ26D6ac,Nick Cave & The Bad Seeds,4UXJsSlnKd7ltsrHebV79Q
89,0.363,0.511,7,-12.106,1,0.077,0.453,0.000916,0.119,0.323,76.387,audio_features,7da2CfFMLJq0nbUzarVmVI,spotify:track:7da2CfFMLJq0nbUzarVmVI,https://api.spotify.com/v1/tracks/7da2CfFMLJq0nbUzarVmVI,https://api.spotify.com/v1/audio-analysis/7da2CfFMLJq0nbUzarVmVI,229067,5,Water's Edge,spotify:track:7da2CfFMLJq0nbUzarVmVI,Nick Cave & The Bad Seeds,4UXJsSlnKd7ltsrHebV79Q
90,0.348,0.394,5,-11.694,1,0.0277,0.434,0.00231,0.144,0.303,81.837,audio_features,2Td1JUmfzxBsIRC8CeEeFM,spotify:track:2Td1JUmfzxBsIRC8CeEeFM,https://api.spotify.com/v1/tracks/2Td1JUmfzxBsIRC8CeEeFM,https://api.spotify.com/v1/audio-analysis/2Td1JUmfzxBsIRC8CeEeFM,395974,4,Jubilee Street,spotify:track:2Td1JUmfzxBsIRC8CeEeFM,Nick Cave & The Bad Seeds,4UXJsSlnKd7ltsrHebV79Q
91,0.294,0.246,2,-16.878,0,0.0381,0.909,0.000138,0.12,0.37,136.348,audio_features,2GogOMaT0TrTwGWY0ukP3U,spotify:track:2GogOMaT0TrTwGWY0ukP3U,https://api.spotify.com/v1/tracks/2GogOMaT0TrTwGWY0ukP3U,https://api.spotify.com/v1/audio-analysis/2GogOMaT0TrTwGWY0ukP3U,229014,4,Mermaids,spotify:track:2GogOMaT0TrTwGWY0ukP3U,Nick Cave & The Bad Seeds,4UXJsSlnKd7ltsrHebV79Q
92,0.365,0.196,5,-16.738,1,0.0432,0.75,0.296,0.157,0.137,163.573,audio_features,2ZzMJjMfJEUtOCYXLX9NqY,spotify:track:2ZzMJjMfJEUtOCYXLX9NqY,https://api.spotify.com/v1/tracks/2ZzMJjMfJEUtOCYXLX9NqY,https://api.spotify.com/v1/audio-analysis/2ZzMJjMfJEUtOCYXLX9NqY,258694,4,We Real Cool,spotify:track:2ZzMJjMfJEUtOCYXLX9NqY,Nick Cave & The Bad Seeds,4UXJsSlnKd7ltsrHebV79Q
93,0.609,0.194,0,-16.425,0,0.0562,0.864,0.0214,0.0994,0.36,77.105,audio_features,6YYqdEPKCzGAbqfTEiIYPV,spotify:track:6YYqdEPKCzGAbqfTEiIYPV,https://api.spotify.com/v1/tracks/6YYqdEPKCzGAbqfTEiIYPV,https://api.spotify.com/v1/audio-analysis/6YYqdEPKCzGAbqfTEiIYPV,268680,4,Finishing Jubilee Street,spotify:track:6YYqdEPKCzGAbqfTEiIYPV,Nick Cave & The Bad Seeds,4UXJsSlnKd7ltsrHebV79Q
94,0.39,0.396,11,-13.59,0,0.0435,0.83,0.000528,0.112,0.294,123.236,audio_features,4QEH1rY3hZQJP240S6DMbn,spotify:track:4QEH1rY3hZQJP240S6DMbn,https://api.spotify.com/v1/tracks/4QEH1rY3hZQJP240S6DMbn,https://api.spotify.com/v1/audio-analysis/4QEH1rY3hZQJP240S6DMbn,470654,4,Higgs Boson Blues,spotify:track:4QEH1rY3hZQJP240S6DMbn,Nick Cave & The Bad Seeds,4UXJsSlnKd7ltsrHebV79Q
95,0.289,0.0983,5,-22.649,0,0.0449,0.831,0.599,0.105,0.0394,133.911,audio_features,42eVJTOIVGjnFM0wCCrYfl,spotify:track:42eVJTOIVGjnFM0wCCrYfl,https://api.spotify.com/v1/tracks/42eVJTOIVGjnFM0wCCrYfl,https://api.spotify.com/v1/audio-analysis/42eVJTOIVGjnFM0wCCrYfl,247496,4,Push the Sky Away,spotify:track:42eVJTOIVGjnFM0wCCrYfl,Nick Cave & The Bad Seeds,4UXJsSlnKd7ltsrHebV79Q
96,0.337,0.417,11,-9.867,0,0.0295,0.756,0.00206,0.695,0.225,114.734,audio_features,3oD9heXNNaxQZpTukhELUG,spotify:track:3oD9heXNNaxQZpTukhELUG,https://api.spotify.com/v1/tracks/3oD9heXNNaxQZpTukhELUG,https://api.spotify.com/v1/audio-analysis/3oD9heXNNaxQZpTukhELUG,526347,4,Higgs Boson Blues - Live from KCRW,spotify:track:3oD9heXNNaxQZpTukhELUG,Nick Cave & The Bad Seeds,4UXJsSlnKd7ltsrHebV79Q
97,0.378,0.39,0,-12.218,1,0.0582,0.627,0.0065,0.688,0.294,118.502,audio_features,4xA0oUdyYPpiLxsEz8b0Rc,spotify:track:4xA0oUdyYPpiLxsEz8b0Rc,https://api.spotify.com/v1/tracks/4xA0oUdyYPpiLxsEz8b0Rc,https://api.spotify.com/v1/audio-analysis/4xA0oUdyYPpiLxsEz8b0Rc,327147,4,Far From Me - Live from KCRW,spotify:track:4xA0oUdyYPpiLxsEz8b0Rc,Nick Cave & The Bad Seeds,4UXJsSlnKd7ltsrHebV79Q
98,0.446,0.546,7,-10.012,0,0.0348,0.34,0.543,0.136,0.0717,114.556,audio_features,5aAfoxYbGfVaSGLGpz8UJv,spotify:track:5aAfoxYbGfVaSGLGpz8UJv,https://api.spotify.com/v1/tracks/5aAfoxYbGfVaSGLGpz8UJv,https://api.spotify.com/v1/audio-analysis/5aAfoxYbGfVaSGLGpz8UJv,293413,4,Stranger Than Kindness - Live from KCRW,spotify:track:5aAfoxYbGfVaSGLGpz8UJv,Nick Cave & The Bad Seeds,4UXJsSlnKd7ltsrHebV79Q
99,0.356,0.334,0,-11.409,1,0.0337,0.745,5.57e-05,0.703,0.231,120.136,audio_features,7ig1AKLomvVYqLehmbIlXM,spotify:track:7ig1AKLomvVYqLehmbIlXM,https://api.spotify.com/v1/tracks/7ig1AKLomvVYqLehmbIlXM,https://api.spotify.com/v1/audio-analysis/7ig1AKLomvVYqLehmbIlXM,311053,4,The Mercy Seat - Live from KCRW,spotify:track:7ig1AKLomvVYqLehmbIlXM,Nick Cave & The Bad Seeds,4UXJsSlnKd7ltsrHebV79Q
100,0.394,0.292,2,-13.326,0,0.043,0.796,0.000646,0.699,0.116,117.133,audio_features,4xQLLpPde2J2r0wW2v6xTq,spotify:track:4xQLLpPde2J2r0wW2v6xTq,https://api.spotify.com/v1/tracks/4xQLLpPde2J2r0wW2v6xTq,https://api.spotify.com/v1/audio-analysis/4xQLLpPde2J2r0wW2v6xTq,230853,4,And No More Shall We Part - Live from KCRW,spotify:track:4xQLLpPde2J2r0wW2v6xTq,Nick Cave & The Bad Seeds,4UXJsSlnKd7ltsrHebV79Q
101,0.468,0.458,7,-11.881,1,0.046,0.648,0.202,0.7,0.324,78.025,audio_features,4wNxL9yf2h0FZeouX4dhy0,spotify:track:4wNxL9yf2h0FZeouX4dhy0,https://api.spotify.com/v1/tracks/4wNxL9yf2h0FZeouX4dhy0,https://api.spotify.com/v1/audio-analysis/4wNxL9yf2h0FZeouX4dhy0,253160,4,Wide Lovely Eyes - Live from KCRW,spotify:track:4wNxL9yf2h0FZeouX4dhy0,Nick Cave & The Bad Seeds,4UXJsSlnKd7ltsrHebV79Q
102,0.357,0.482,2,-9.82,0,0.0329,0.859,0.208,0.55,0.296,129.08,audio_features,4SigeXb8V9ZI3oSGeuyAfF,spotify:track:4SigeXb8V9ZI3oSGeuyAfF,https://api.spotify.com/v1/tracks/4SigeXb8V9ZI3oSGeuyAfF,https://api.spotify.com/v1/audio-analysis/4SigeXb8V9ZI3oSGeuyAfF,323200,4,Mermaids - Live from KCRW,spotify:track:4SigeXb8V9ZI3oSGeuyAfF,Nick Cave & The Bad Seeds,4UXJsSlnKd7ltsrHebV79Q
103,0.474,0.266,0,-12.901,1,0.0749,0.86,0.000317,0.84,0.226,118.679,audio_features,4WYBsWvpT8FNeHcIvmLjcD,spotify:track:4WYBsWvpT8FNeHcIvmLjcD,https://api.spotify.com/v1/tracks/4WYBsWvpT8FNeHcIvmLjcD,https://api.spotify.com/v1/audio-analysis/4WYBsWvpT8FNeHcIvmLjcD,318160,3,People Ain't No Good - Live from KCRW,spotify:track:4WYBsWvpT8FNeHcIvmLjcD,Nick Cave & The Bad Seeds,4UXJsSlnKd7ltsrHebV79Q
104,0.33,0.259,5,-14.618,0,0.054,0.938,0.0387,0.709,0.0392,124.942,audio_features,0d9rZ1eAp1R7UyUTpAVnHQ,spotify:track:0d9rZ1eAp1R7UyUTpAVnHQ,https://api.spotify.com/v1/tracks/0d9rZ1eAp1R7UyUTpAVnHQ,https://api.spotify.com/v1/audio-analysis/0d9rZ1eAp1R7UyUTpAVnHQ,286413,4,Push the Sky Away - Live from KCRW,spotify:track:0d9rZ1eAp1R7UyUTpAVnHQ,Nick Cave & The Bad Seeds,4UXJsSlnKd7ltsrHebV79Q
105,0.21,0.945,2,-7.273,0,0.145,0.0106,0.219,0.985,0.328,143.902,audio_features,36QusDk3uzSEhwZioSoGEj,spotify:track:36QusDk3uzSEhwZioSoGEj,https://api.spotify.com/v1/tracks/36QusDk3uzSEhwZioSoGEj,https://api.spotify.com/v1/audio-analysis/36QusDk3uzSEhwZioSoGEj,268080,4,Jack The Ripper - Live from KCRW,spotify:track:36QusDk3uzSEhwZioSoGEj,Nick Cave & The Bad Seeds,4UXJsSlnKd7ltsrHebV79Q
106,0.623,0.363,9,-10.14,0,0.0298,0.862,0.0,0.106,0.27,102.802,audio_features,3ee4rw1QioXscL5WC8HRXV,spotify:track:3ee4rw1QioXscL5WC8HRXV,https://api.spotify.com/v1/tracks/3ee4rw1QioXscL5WC8HRXV,https://api.spotify.com/v1/audio-analysis/3ee4rw1QioXscL5WC8HRXV,375320,4,As I Sat Sadly by Her Side - 2011 - Remaster,spotify:track:3ee4rw1QioXscL5WC8HRXV,Nick Cave & The Bad Seeds,4UXJsSlnKd7ltsrHebV79Q
107,0.403,0.0975,2,-14.824,0,0.0331,0.64,2.96e-05,0.163,0.145,108.795,audio_features,2P0mtWhvDnwSnXIGD9OWrA,spotify:track:2P0mtWhvDnwSnXIGD9OWrA,https://api.spotify.com/v1/tracks/2P0mtWhvDnwSnXIGD9OWrA,https://api.spotify.com/v1/audio-analysis/2P0mtWhvDnwSnXIGD9OWrA,240533,4,And No More Shall We Part - 2011 - Remaster,spotify:track:2P0mtWhvDnwSnXIGD9OWrA,Nick Cave & The Bad Seeds,4UXJsSlnKd7ltsrHebV79Q
108,0.334,0.331,7,-13.175,1,0.0326,0.604,0.00162,0.121,0.151,125.754,audio_features,2nUY3QfTSvFxuUvgOTCfFc,spotify:track:2nUY3QfTSvFxuUvgOTCfFc,https://api.spotify.com/v1/tracks/2nUY3QfTSvFxuUvgOTCfFc,https://api.spotify.com/v1/audio-analysis/2nUY3QfTSvFxuUvgOTCfFc,468040,4,Hallelujah - 2011 - Remaster,spotify:track:2nUY3QfTSvFxuUvgOTCfFc,Nick Cave & The Bad Seeds,4UXJsSlnKd7ltsrHebV79Q
109,0.268,0.184,3,-16.14,1,0.0332,0.579,0.0023,0.235,0.182,113.956,audio_features,6DLYs5xMOGLEv6qzFKuaDn,spotify:track:6DLYs5xMOGLEv6qzFKuaDn,https://api.spotify.com/v1/tracks/6DLYs5xMOGLEv6qzFKuaDn,https://api.spotify.com/v1/audio-analysis/6DLYs5xMOGLEv6qzFKuaDn,248507,4,Love Letter - 2011 - Remaster,spotify:track:6DLYs5xMOGLEv6qzFKuaDn,Nick Cave & The Bad Seeds,4UXJsSlnKd7ltsrHebV79Q
110,0.565,0.489,9,-10.557,0,0.0504,0.561,8.13e-05,0.0748,0.454,123.613,audio_features,0kSKEhhJY8fGlkrwajyuU8,spotify:track:0kSKEhhJY8fGlkrwajyuU8,https://api.spotify.com/v1/tracks/0kSKEhhJY8fGlkrwajyuU8,https://api.spotify.com/v1/audio-analysis/0kSKEhhJY8fGlkrwajyuU8,336760,4,Fifteen Feet of Pure White Snow - 2011 - Remaster,spotify:track:0kSKEhhJY8fGlkrwajyuU8,Nick Cave & The Bad Seeds,4UXJsSlnKd7ltsrHebV79Q
111,0.536,0.171,0,-13.967,1,0.0496,0.618,0.0,0.0925,0.205,115.814,audio_features,3GJW36pn2Umzx2YNMjurx3,spotify:track:3GJW36pn2Umzx2YNMjurx3,https://api.spotify.com/v1/tracks/3GJW36pn2Umzx2YNMjurx3,https://api.spotify.com/v1/audio-analysis/3GJW36pn2Umzx2YNMjurx3,344320,4,God Is in the House - 2011 - Remaster,spotify:track:3GJW36pn2Umzx2YNMjurx3,Nick Cave & The Bad Seeds,4UXJsSlnKd7ltsrHebV79Q
112,0.333,0.698,4,-7.691,0,0.0958,0.414,0.0,0.185,0.36,133.107,audio_features,5P4sbVrECrtScI1nyOzkjt,spotify:track:5P4sbVrECrtScI1nyOzkjt,https://api.spotify.com/v1/tracks/5P4sbVrECrtScI1nyOzkjt,https://api.spotify.com/v1/audio-analysis/5P4sbVrECrtScI1nyOzkjt,450320,4,Oh My Lord - 2011 - Remaster,spotify:track:5P4sbVrECrtScI1nyOzkjt,Nick Cave & The Bad Seeds,4UXJsSlnKd7ltsrHebV79Q
113,0.413,0.244,9,-14.568,0,0.0306,0.738,0.000934,0.29,0.0979,109.061,audio_features,49j8WwnnfrIrf4MofKyGHJ,spotify:track:49j8WwnnfrIrf4MofKyGHJ,https://api.spotify.com/v1/tracks/49j8WwnnfrIrf4MofKyGHJ,https://api.spotify.com/v1/audio-analysis/49j8WwnnfrIrf4MofKyGHJ,298360,4,Sweetheart Come - 2011 - Remaster,spotify:track:49j8WwnnfrIrf4MofKyGHJ,Nick Cave & The Bad Seeds,4UXJsSlnKd7ltsrHebV79Q
114,0.355,0.35,9,-7.739,0,0.0313,0.548,1.88e-05,0.123,0.222,147.619,audio_features,6aEkPYnXcMn1WgyfP7maUF,spotify:track:6aEkPYnXcMn1WgyfP7maUF,https://api.spotify.com/v1/tracks/6aEkPYnXcMn1WgyfP7maUF,https://api.spotify.com/v1/audio-analysis/6aEkPYnXcMn1WgyfP7maUF,318387,3,The Sorrowful Wife - 2011 - Remaster,spotify:track:6aEkPYnXcMn1WgyfP7maUF,Nick Cave & The Bad Seeds,4UXJsSlnKd7ltsrHebV79Q
115,0.584,0.242,9,-11.772,0,0.0335,0.749,0.0485,0.134,0.109,60.799,audio_features,5QMHHP3LRwl7Fn3QIKaLdQ,spotify:track:5QMHHP3LRwl7Fn3QIKaLdQ,https://api.spotify.com/v1/tracks/5QMHHP3LRwl7Fn3QIKaLdQ,https://api.spotify.com/v1/audio-analysis/5QMHHP3LRwl7Fn3QIKaLdQ,368280,4,We Came Along This Road - 2011 - Remaster,spotify:track:5QMHHP3LRwl7Fn3QIKaLdQ,Nick Cave & The Bad Seeds,4UXJsSlnKd7ltsrHebV79Q
116,0.471,0.185,9,-16.636,0,0.052,0.781,0.000949,0.114,0.359,151.953,audio_features,0IR50mPOJ3YnjwE7UxkIYw,spotify:track:0IR50mPOJ3YnjwE7UxkIYw,https://api.spotify.com/v1/tracks/0IR50mPOJ3YnjwE7UxkIYw,https://api.spotify.com/v1/audio-analysis/0IR50mPOJ3YnjwE7UxkIYw,249213,3,Gates to the Garden - 2011 - Remaster,spotify:track:0IR50mPOJ3YnjwE7UxkIYw,Nick Cave & The Bad Seeds,4UXJsSlnKd7ltsrHebV79Q
117,0.516,0.241,0,-13.284,1,0.0491,0.82,8.96e-05,0.0975,0.216,116.35,audio_features,6T8jsYw2sr7NoLBa6xPGrt,spotify:track:6T8jsYw2sr7NoLBa6xPGrt,https://api.spotify.com/v1/tracks/6T8jsYw2sr7NoLBa6xPGrt,https://api.spotify.com/v1/audio-analysis/6T8jsYw2sr7NoLBa6xPGrt,365707,4,Darker with the Day - 2011 - Remaster,spotify:track:6T8jsYw2sr7NoLBa6xPGrt,Nick Cave & The Bad Seeds,4UXJsSlnKd7ltsrHebV79Q
118,0.396,0.464,0,-11.706,0,0.0311,0.3,0.000613,0.103,0.0994,81.851,audio_features,4XPQVkJTLsdZUGxpjOHutO,spotify:track:4XPQVkJTLsdZUGxpjOHutO,https://api.spotify.com/v1/tracks/4XPQVkJTLsdZUGxpjOHutO,https://api.spotify.com/v1/audio-analysis/4XPQVkJTLsdZUGxpjOHutO,406493,4,Song of Joy - 2011 - Remaster,spotify:track:4XPQVkJTLsdZUGxpjOHutO,Nick Cave & The Bad Seeds,4UXJsSlnKd7ltsrHebV79Q
119,0.499,0.564,7,-9.184,1,0.0423,0.0514,0.000355,0.0828,0.659,154.093,audio_features,4ljz5s6Rt6WmEmUcg3Ie95,spotify:track:4ljz5s6Rt6WmEmUcg3Ie95,https://api.spotify.com/v1/tracks/4ljz5s6Rt6WmEmUcg3Ie95,https://api.spotify.com/v1/audio-analysis/4ljz5s6Rt6WmEmUcg3Ie95,315147,4,Stagger Lee - 2011 - Remaster,spotify:track:4ljz5s6Rt6WmEmUcg3Ie95,Nick Cave & The Bad Seeds,4UXJsSlnKd7ltsrHebV79Q
120,0.319,0.309,9,-11.944,0,0.0257,0.822,2.26e-06,0.0893,0.339,143.075,audio_features,7KBOqpM6DffK0bcEatfBl3,spotify:track:7KBOqpM6DffK0bcEatfBl3,https://api.spotify.com/v1/tracks/7KBOqpM6DffK0bcEatfBl3,https://api.spotify.com/v1/audio-analysis/7KBOqpM6DffK0bcEatfBl3,238187,3,Henry Lee (feat. PJ Harvey) - 2011 - Remaster,spotify:track:7KBOqpM6DffK0bcEatfBl3,Nick Cave & The Bad Seeds,4UXJsSlnKd7ltsrHebV79Q
121,0.483,0.774,10,-10.876,0,0.0377,0.167,0.205,0.333,0.56,112.646,audio_features,6HkTxRqfPZMLw3IYzweAca,spotify:track:6HkTxRqfPZMLw3IYzweAca,https://api.spotify.com/v1/tracks/6HkTxRqfPZMLw3IYzweAca,https://api.spotify.com/v1/audio-analysis/6HkTxRqfPZMLw3IYzweAca,253733,4,Lovely Creature - 2011 - Remaster,spotify:track:6HkTxRqfPZMLw3IYzweAca,Nick Cave & The Bad Seeds,4UXJsSlnKd7ltsrHebV79Q
122,0.336,0.47,7,-10.541,0,0.0319,0.378,0.00332,0.0953,0.163,154.649,audio_features,4LK8kGGY0FGSGIAk2GwI30,spotify:track:4LK8kGGY0FGSGIAk2GwI30,https://api.spotify.com/v1/tracks/4LK8kGGY0FGSGIAk2GwI30,https://api.spotify.com/v1/audio-analysis/4LK8kGGY0FGSGIAk2GwI30,237080,3,Where the Wild Roses Grow - 2011 - Remaster,spotify:track:4LK8kGGY0FGSGIAk2GwI30,Nick Cave & The Bad Seeds,4UXJsSlnKd7ltsrHebV79Q
123,0.482,0.899,9,-8.017,0,0.115,0.0406,0.0,0.338,0.655,131.829,audio_features,0xmFAfgMcThIbFfZ7aYshs,spotify:track:0xmFAfgMcThIbFfZ7aYshs,https://api.spotify.com/v1/tracks/0xmFAfgMcThIbFfZ7aYshs,https://api.spotify.com/v1/audio-analysis/0xmFAfgMcThIbFfZ7aYshs,415853,4,The Curse of Millhaven - 2011 - Remaster,spotify:track:0xmFAfgMcThIbFfZ7aYshs,Nick Cave & The Bad Seeds,4UXJsSlnKd7ltsrHebV79Q
124,0.557,0.37,0,-12.277,1,0.0325,0.187,0.000434,0.11,0.297,140.927,audio_features,4NzY9f4t5jPmpgkcOCaqga,spotify:track:4NzY9f4t5jPmpgkcOCaqga,https://api.spotify.com/v1/tracks/4NzY9f4t5jPmpgkcOCaqga,https://api.spotify.com/v1/audio-analysis/4NzY9f4t5jPmpgkcOCaqga,279267,3,The Kindness of Strangers - 2011 - Remaster,spotify:track:4NzY9f4t5jPmpgkcOCaqga,Nick Cave & The Bad Seeds,4UXJsSlnKd7ltsrHebV79Q
125,0.532,0.327,2,-13.231,1,0.0428,0.323,0.000174,0.108,0.329,122.826,audio_features,1yhuv1FST9iOoAHXtc0YAU,spotify:track:1yhuv1FST9iOoAHXtc0YAU,https://api.spotify.com/v1/tracks/1yhuv1FST9iOoAHXtc0YAU,https://api.spotify.com/v1/audio-analysis/1yhuv1FST9iOoAHXtc0YAU,254560,4,Crow Jane - 2011 - Remaster,spotify:track:1yhuv1FST9iOoAHXtc0YAU,Nick Cave & The Bad Seeds,4UXJsSlnKd7ltsrHebV79Q
126,0.717,0.459,10,-8.926,1,0.0396,0.112,0.0,0.169,0.605,128.161,audio_features,1UeffXBaNuD5werA34Pxoe,spotify:track:1UeffXBaNuD5werA34Pxoe,https://api.spotify.com/v1/tracks/1UeffXBaNuD5werA34Pxoe,https://api.spotify.com/v1/audio-analysis/1UeffXBaNuD5werA34Pxoe,868053,4,O'Malley's Bar - 2011 - Remaster,spotify:track:1UeffXBaNuD5werA34Pxoe,Nick Cave & The Bad Seeds,4UXJsSlnKd7ltsrHebV79Q
127,0.625,0.327,9,-10.393,1,0.0279,0.63,0.000118,0.344,0.314,126.756,audio_features,2UMvuqpP9DDZbnn0lZOnYj,spotify:track:2UMvuqpP9DDZbnn0lZOnYj,https://api.spotify.com/v1/tracks/2UMvuqpP9DDZbnn0lZOnYj,https://api.spotify.com/v1/audio-analysis/2UMvuqpP9DDZbnn0lZOnYj,266893,4,Death Is Not the End - 2011 - Remaster,spotify:track:2UMvuqpP9DDZbnn0lZOnYj,Nick Cave & The Bad Seeds,4UXJsSlnKd7ltsrHebV79Q
128,0.453,0.781,1,-7.062,1,0.0397,0.00379,0.0,0.148,0.626,109.534,audio_features,7mxrCPn3eoPxHTZvN6RwlI,spotify:track:7mxrCPn3eoPxHTZvN6RwlI,https://api.spotify.com/v1/tracks/7mxrCPn3eoPxHTZvN6RwlI,https://api.spotify.com/v1/audio-analysis/7mxrCPn3eoPxHTZvN6RwlI,355520,4,"Papa Won't Leave You, Henry - 2010 Remaster",spotify:track:7mxrCPn3eoPxHTZvN6RwlI,Nick Cave & The Bad Seeds,4UXJsSlnKd7ltsrHebV79Q
129,0.354,0.873,7,-6.016,0,0.0588,0.00107,0.0,0.207,0.35,129.139,audio_features,7q3E9XtzuATfU0PVTUhY9D,spotify:track:7q3E9XtzuATfU0PVTUhY9D,https://api.spotify.com/v1/tracks/7q3E9XtzuATfU0PVTUhY9D,https://api.spotify.com/v1/audio-analysis/7q3E9XtzuATfU0PVTUhY9D,222613,4,"I Had a Dream, Joe - 2010 Remaster",spotify:track:7q3E9XtzuATfU0PVTUhY9D,Nick Cave & The Bad Seeds,4UXJsSlnKd7ltsrHebV79Q
130,0.225,0.778,3,-7.249,1,0.0401,0.000325,0.0416,0.209,0.413,147.303,audio_features,6nV63LhQA2qVdf6D5urX0V,spotify:track:6nV63LhQA2qVdf6D5urX0V,https://api.spotify.com/v1/tracks/6nV63LhQA2qVdf6D5urX0V,https://api.spotify.com/v1/audio-analysis/6nV63LhQA2qVdf6D5urX0V,274973,4,Straight to You - 2010 Remaster,spotify:track:6nV63LhQA2qVdf6D5urX0V,Nick Cave & The Bad Seeds,4UXJsSlnKd7ltsrHebV79Q
131,0.549,0.724,2,-6.81,1,0.0424,0.0877,0.0,0.488,0.922,103.015,audio_features,6SuzGcqMwBlHwHx3RTKuKE,spotify:track:6SuzGcqMwBlHwHx3RTKuKE,https://api.spotify.com/v1/tracks/6SuzGcqMwBlHwHx3RTKuKE,https://api.spotify.com/v1/audio-analysis/6SuzGcqMwBlHwHx3RTKuKE,182493,4,"Brother, My Cup Is Empty - 2010 Remaster",spotify:track:6SuzGcqMwBlHwHx3RTKuKE,Nick Cave & The Bad Seeds,4UXJsSlnKd7ltsrHebV79Q
132,0.389,0.271,3,-14.783,1,0.0346,0.265,0.00608,0.141,0.161,109.236,audio_features,2g8nG3G9FhEIVtUdcyGPBM,spotify:track:2g8nG3G9FhEIVtUdcyGPBM,https://api.spotify.com/v1/tracks/2g8nG3G9FhEIVtUdcyGPBM,https://api.spotify.com/v1/audio-analysis/2g8nG3G9FhEIVtUdcyGPBM,291120,4,Christina the Astonishing - 2010 Remaster,spotify:track:2g8nG3G9FhEIVtUdcyGPBM,Nick Cave & The Bad Seeds,4UXJsSlnKd7ltsrHebV79Q
133,0.381,0.476,0,-8.758,1,0.0284,0.000203,0.000373,0.0841,0.403,113.393,audio_features,0VtjGapHnC8igbeCqXOA8u,spotify:track:0VtjGapHnC8igbeCqXOA8u,https://api.spotify.com/v1/tracks/0VtjGapHnC8igbeCqXOA8u,https://api.spotify.com/v1/audio-analysis/0VtjGapHnC8igbeCqXOA8u,321693,4,When I First Came to Town - 2010 Remaster,spotify:track:0VtjGapHnC8igbeCqXOA8u,Nick Cave & The Bad Seeds,4UXJsSlnKd7ltsrHebV79Q
134,0.366,0.67,0,-8.884,0,0.0464,0.000838,1.63e-06,0.112,0.611,110.762,audio_features,1S0XoGZZMd9aW79v6RioMy,spotify:track:1S0XoGZZMd9aW79v6RioMy,https://api.spotify.com/v1/tracks/1S0XoGZZMd9aW79v6RioMy,https://api.spotify.com/v1/audio-analysis/1S0XoGZZMd9aW79v6RioMy,313400,4,John Finn's Wife - 2010 Remaster,spotify:track:1S0XoGZZMd9aW79v6RioMy,Nick Cave & The Bad Seeds,4UXJsSlnKd7ltsrHebV79Q
135,0.512,0.388,5,-11.875,0,0.0276,0.272,6.05e-05,0.152,0.238,114.364,audio_features,4kzSXDKJKiu79iEVX5QSQX,spotify:track:4kzSXDKJKiu79iEVX5QSQX,https://api.spotify.com/v1/tracks/4kzSXDKJKiu79iEVX5QSQX,https://api.spotify.com/v1/audio-analysis/4kzSXDKJKiu79iEVX5QSQX,307653,4,Loom of the Land - 2010 Remaster,spotify:track:4kzSXDKJKiu79iEVX5QSQX,Nick Cave & The Bad Seeds,4UXJsSlnKd7ltsrHebV79Q
136,0.518,0.857,7,-7.786,1,0.0304,2.4e-05,2.67e-06,0.115,0.703,130.082,audio_features,1kFqHCaWdLR3e01vzDHeJA,spotify:track:1kFqHCaWdLR3e01vzDHeJA,https://api.spotify.com/v1/tracks/1kFqHCaWdLR3e01vzDHeJA,https://api.spotify.com/v1/audio-analysis/1kFqHCaWdLR3e01vzDHeJA,225400,4,Jack the Ripper - 2010 Remaster,spotify:track:1kFqHCaWdLR3e01vzDHeJA,Nick Cave & The Bad Seeds,4UXJsSlnKd7ltsrHebV79Q
137,0.386,0.419,0,-12.441,1,0.0271,0.154,0.0063,0.104,0.199,139.292,audio_features,6F98YFx0H4QSKIPCLPc9sQ,spotify:track:6F98YFx0H4QSKIPCLPc9sQ,https://api.spotify.com/v1/tracks/6F98YFx0H4QSKIPCLPc9sQ,https://api.spotify.com/v1/audio-analysis/6F98YFx0H4QSKIPCLPc9sQ,340707,4,Foi Na Cruz - 2010 - Remaster,spotify:track:6F98YFx0H4QSKIPCLPc9sQ,Nick Cave & The Bad Seeds,4UXJsSlnKd7ltsrHebV79Q
138,0.325,0.603,9,-7.799,0,0.0362,0.0778,0.0,0.359,0.357,128.358,audio_features,4OgwKA9IGPF5DwDn8eMdmz,spotify:track:4OgwKA9IGPF5DwDn8eMdmz,https://api.spotify.com/v1/tracks/4OgwKA9IGPF5DwDn8eMdmz,https://api.spotify.com/v1/audio-analysis/4OgwKA9IGPF5DwDn8eMdmz,363173,4,The Good Son - 2010 - Remaster,spotify:track:4OgwKA9IGPF5DwDn8eMdmz,Nick Cave & The Bad Seeds,4UXJsSlnKd7ltsrHebV79Q
139,0.387,0.459,0,-10.364,0,0.0301,0.283,0.0119,0.437,0.196,121.152,audio_features,54zJkYjpDEOluoB0IeaepD,spotify:track:54zJkYjpDEOluoB0IeaepD,https://api.spotify.com/v1/tracks/54zJkYjpDEOluoB0IeaepD,https://api.spotify.com/v1/audio-analysis/54zJkYjpDEOluoB0IeaepD,279707,3,Sorrow's Child - 2010 - Remaster,spotify:track:54zJkYjpDEOluoB0IeaepD,Nick Cave & The Bad Seeds,4UXJsSlnKd7ltsrHebV79Q
140,0.416,0.723,7,-9.793,0,0.136,0.204,4.89e-06,0.116,0.719,170.3,audio_features,1y789ivCndXMDXHWWv0niJ,spotify:track:1y789ivCndXMDXHWWv0niJ,https://api.spotify.com/v1/tracks/1y789ivCndXMDXHWWv0niJ,https://api.spotify.com/v1/audio-analysis/1y789ivCndXMDXHWWv0niJ,265147,4,The Weeping Song - 2010 - Remaster,spotify:track:1y789ivCndXMDXHWWv0niJ,Nick Cave & The Bad Seeds,4UXJsSlnKd7ltsrHebV79Q
141,0.318,0.412,7,-10.364,1,0.0303,0.271,0.0,0.0959,0.125,142.287,audio_features,3I9UP9RsiCpyVLNbYkBhQC,spotify:track:3I9UP9RsiCpyVLNbYkBhQC,https://api.spotify.com/v1/tracks/3I9UP9RsiCpyVLNbYkBhQC,https://api.spotify.com/v1/audio-analysis/3I9UP9RsiCpyVLNbYkBhQC,314147,4,The Ship Song - 2010 - Remaster,spotify:track:3I9UP9RsiCpyVLNbYkBhQC,Nick Cave & The Bad Seeds,4UXJsSlnKd7ltsrHebV79Q
142,0.431,0.688,8,-10.455,1,0.0488,0.00309,0.00341,0.105,0.368,99.974,audio_features,0krJuWKsMTEqE2JDaUEleo,spotify:track:0krJuWKsMTEqE2JDaUEleo,https://api.spotify.com/v1/tracks/0krJuWKsMTEqE2JDaUEleo,https://api.spotify.com/v1/audio-analysis/0krJuWKsMTEqE2JDaUEleo,257027,4,The Hammer Song - 2010 - Remaster,spotify:track:0krJuWKsMTEqE2JDaUEleo,Nick Cave & The Bad Seeds,4UXJsSlnKd7ltsrHebV79Q
143,0.526,0.452,5,-11.956,0,0.0263,0.0548,0.0,0.0849,0.442,94.366,audio_features,2IVldNHKbXc2Ym1R07odVy,spotify:track:2IVldNHKbXc2Ym1R07odVy,https://api.spotify.com/v1/tracks/2IVldNHKbXc2Ym1R07odVy,https://api.spotify.com/v1/audio-analysis/2IVldNHKbXc2Ym1R07odVy,294240,4,Lament - 2010 - Remaster,spotify:track:2IVldNHKbXc2Ym1R07odVy,Nick Cave & The Bad Seeds,4UXJsSlnKd7ltsrHebV79Q
144,0.57,0.741,7,-8.358,1,0.0978,0.1,0.0,0.291,0.51,111.015,audio_features,3c7MxodQZsFQqRUEmUji1d,spotify:track:3c7MxodQZsFQqRUEmUji1d,https://api.spotify.com/v1/tracks/3c7MxodQZsFQqRUEmUji1d,https://api.spotify.com/v1/audio-analysis/3c7MxodQZsFQqRUEmUji1d,357920,4,The Witness Song - 2010 - Remaster,spotify:track:3c7MxodQZsFQqRUEmUji1d,Nick Cave & The Bad Seeds,4UXJsSlnKd7ltsrHebV79Q
145,0.211,0.327,2,-10.788,1,0.0305,0.77,2.13e-05,0.47,0.158,101.634,audio_features,273K9CeXjveB5p1St90fVx,spotify:track:273K9CeXjveB5p1St90fVx,https://api.spotify.com/v1/tracks/273K9CeXjveB5p1St90fVx,https://api.spotify.com/v1/audio-analysis/273K9CeXjveB5p1St90fVx,257200,3,Lucy - 2010 - Remaster,spotify:track:273K9CeXjveB5p1St90fVx,Nick Cave & The Bad Seeds,4UXJsSlnKd7ltsrHebV79Q
146,0.288,0.965,0,-4.051,1,0.0619,0.0705,0.0,0.516,0.24,94.631,audio_features,2BqlOngnXkrnmxzYagZgFi,spotify:track:2BqlOngnXkrnmxzYagZgFi,https://api.spotify.com/v1/tracks/2BqlOngnXkrnmxzYagZgFi,https://api.spotify.com/v1/audio-analysis/2BqlOngnXkrnmxzYagZgFi,438080,4,The Mercy Seat - 2010 Remaster,spotify:track:2BqlOngnXkrnmxzYagZgFi,Nick Cave & The Bad Seeds,4UXJsSlnKd7ltsrHebV79Q
147,0.468,0.715,5,-8.636,0,0.0504,0.00149,0.0,0.477,0.601,112.854,audio_features,7ADjnZWrVZHB2glDFMczO0,spotify:track:7ADjnZWrVZHB2glDFMczO0,https://api.spotify.com/v1/tracks/7ADjnZWrVZHB2glDFMczO0,https://api.spotify.com/v1/audio-analysis/7ADjnZWrVZHB2glDFMczO0,316307,4,Up Jumped the Devil - 2010 Remaster,spotify:track:7ADjnZWrVZHB2glDFMczO0,Nick Cave & The Bad Seeds,4UXJsSlnKd7ltsrHebV79Q
148,0.415,0.94,0,-4.874,1,0.0887,0.0049,0.0,0.143,0.439,134.392,audio_features,44Iz7caKzcwhnUWukeyQTv,spotify:track:44Iz7caKzcwhnUWukeyQTv,https://api.spotify.com/v1/tracks/44Iz7caKzcwhnUWukeyQTv,https://api.spotify.com/v1/audio-analysis/44Iz7caKzcwhnUWukeyQTv,225627,4,Deanna - 2010 Remaster,spotify:track:44Iz7caKzcwhnUWukeyQTv,Nick Cave & The Bad Seeds,4UXJsSlnKd7ltsrHebV79Q
149,0.385,0.319,3,-11.865,1,0.0298,0.441,0.00906,0.2,0.195,141.977,audio_features,0jFS2u5KVyo8bGdghqUxws,spotify:track:0jFS2u5KVyo8bGdghqUxws,https://api.spotify.com/v1/tracks/0jFS2u5KVyo8bGdghqUxws,https://api.spotify.com/v1/audio-analysis/0jFS2u5KVyo8bGdghqUxws,241427,4,Watching Alice - 2010 Remaster,spotify:track:0jFS2u5KVyo8bGdghqUxws,Nick Cave & The Bad Seeds,4UXJsSlnKd7ltsrHebV79Q
150,0.425,0.638,6,-10.078,1,0.0391,0.0279,0.000175,0.548,0.17,109.206,audio_features,72MPnhUBPwHx4zLVbMJ2Me,spotify:track:72MPnhUBPwHx4zLVbMJ2Me,https://api.spotify.com/v1/tracks/72MPnhUBPwHx4zLVbMJ2Me,https://api.spotify.com/v1/audio-analysis/72MPnhUBPwHx4zLVbMJ2Me,382187,4,Mercy - 2010 Remaster,spotify:track:72MPnhUBPwHx4zLVbMJ2Me,Nick Cave & The Bad Seeds,4UXJsSlnKd7ltsrHebV79Q
151,0.45,0.897,11,-8.137,0,0.121,0.0536,1.27e-05,0.314,0.205,128.058,audio_features,4Wr6WoLND4o6RGy3MDj2Mq,spotify:track:4Wr6WoLND4o6RGy3MDj2Mq,https://api.spotify.com/v1/tracks/4Wr6WoLND4o6RGy3MDj2Mq,https://api.spotify.com/v1/audio-analysis/4Wr6WoLND4o6RGy3MDj2Mq,288080,4,City of Refuge - 2010 Remaster,spotify:track:4Wr6WoLND4o6RGy3MDj2Mq,Nick Cave & The Bad Seeds,4UXJsSlnKd7ltsrHebV79Q
152,0.45,0.51,0,-9.23,0,0.0379,0.409,0.0,0.112,0.231,135.168,audio_features,3oLqRaEThLxgEMnilIeXij,spotify:track:3oLqRaEThLxgEMnilIeXij,https://api.spotify.com/v1/tracks/3oLqRaEThLxgEMnilIeXij,https://api.spotify.com/v1/audio-analysis/3oLqRaEThLxgEMnilIeXij,323693,4,Slowly Goes the Night - 2010 Remaster,spotify:track:3oLqRaEThLxgEMnilIeXij,Nick Cave & The Bad Seeds,4UXJsSlnKd7ltsrHebV79Q
153,0.523,0.746,0,-8.46,0,0.0634,0.464,0.0,0.392,0.482,79.839,audio_features,0fyOKtY7U2KQbowpuViC4n,spotify:track:0fyOKtY7U2KQbowpuViC4n,https://api.spotify.com/v1/tracks/0fyOKtY7U2KQbowpuViC4n,https://api.spotify.com/v1/audio-analysis/0fyOKtY7U2KQbowpuViC4n,220933,4,Sunday's Slave - 2010 - Remaster,spotify:track:0fyOKtY7U2KQbowpuViC4n,Nick Cave & The Bad Seeds,4UXJsSlnKd7ltsrHebV79Q
154,0.374,0.939,7,-7.621,0,0.0704,0.0903,0.0,0.188,0.326,134.149,audio_features,2rkeosXYiZtK07b7IQNM06,spotify:track:2rkeosXYiZtK07b7IQNM06,https://api.spotify.com/v1/tracks/2rkeosXYiZtK07b7IQNM06,https://api.spotify.com/v1/audio-analysis/2rkeosXYiZtK07b7IQNM06,301347,4,Sugar Sugar Sugar - 2010 - Remaster,spotify:track:2rkeosXYiZtK07b7IQNM06,Nick Cave & The Bad Seeds,4UXJsSlnKd7ltsrHebV79Q
155,0.425,0.47,7,-8.987,1,0.0304,0.295,0.0,0.229,0.346,143.901,audio_features,4ZRfZFfJfDVRVgcftJ59mb,spotify:track:4ZRfZFfJfDVRVgcftJ59mb,https://api.spotify.com/v1/tracks/4ZRfZFfJfDVRVgcftJ59mb,https://api.spotify.com/v1/audio-analysis/4ZRfZFfJfDVRVgcftJ59mb,226147,3,New Morning - 2010 Remaster,spotify:track:4ZRfZFfJfDVRVgcftJ59mb,Nick Cave & The Bad Seeds,4UXJsSlnKd7ltsrHebV79Q
156,0.474,0.175,0,-16.723,0,0.0299,0.157,0.0125,0.0921,0.158,106.767,audio_features,26RKAxwlEHYXvU2HMP6JkI,spotify:track:26RKAxwlEHYXvU2HMP6JkI,https://api.spotify.com/v1/tracks/26RKAxwlEHYXvU2HMP6JkI,https://api.spotify.com/v1/audio-analysis/26RKAxwlEHYXvU2HMP6JkI,317147,4,Muddy Water - 2009 Remaster,spotify:track:26RKAxwlEHYXvU2HMP6JkI,Nick Cave & The Bad Seeds,4UXJsSlnKd7ltsrHebV79Q
157,0.32,0.356,10,-12.637,0,0.131,0.0493,0.0,0.257,0.286,74.563,audio_features,34Hv7lsLUvqUBlaEXxDcVQ,spotify:track:34Hv7lsLUvqUBlaEXxDcVQ,https://api.spotify.com/v1/tracks/34Hv7lsLUvqUBlaEXxDcVQ,https://api.spotify.com/v1/audio-analysis/34Hv7lsLUvqUBlaEXxDcVQ,224320,4,I'm Gonna Kill That Woman - 2009 Remaster,spotify:track:34Hv7lsLUvqUBlaEXxDcVQ,Nick Cave & The Bad Seeds,4UXJsSlnKd7ltsrHebV79Q
158,0.437,0.455,7,-9.871,1,0.0337,0.299,0.0,0.116,0.327,124.857,audio_features,4ZMZ2Ge9IiHz7EU1tRhtH6,spotify:track:4ZMZ2Ge9IiHz7EU1tRhtH6,https://api.spotify.com/v1/tracks/4ZMZ2Ge9IiHz7EU1tRhtH6,https://api.spotify.com/v1/audio-analysis/4ZMZ2Ge9IiHz7EU1tRhtH6,198293,3,Sleeping Annaleah - 2009 Remaster,spotify:track:4ZMZ2Ge9IiHz7EU1tRhtH6,Nick Cave & The Bad Seeds,4UXJsSlnKd7ltsrHebV79Q
159,0.446,0.412,11,-10.92,0,0.0322,0.0249,0.0,0.128,0.401,122.097,audio_features,5a07czRhuDoeTgsdrXVLGV,spotify:track:5a07czRhuDoeTgsdrXVLGV,https://api.spotify.com/v1/tracks/5a07czRhuDoeTgsdrXVLGV,https://api.spotify.com/v1/audio-analysis/5a07czRhuDoeTgsdrXVLGV,226800,4,Long Black Veil - 2009 Remaster,spotify:track:5a07czRhuDoeTgsdrXVLGV,Nick Cave & The Bad Seeds,4UXJsSlnKd7ltsrHebV79Q
160,0.224,0.791,0,-10.536,1,0.0665,5.25e-05,0.741,0.142,0.344,145.313,audio_features,3tmenVgIhqguVkP85w8odx,spotify:track:3tmenVgIhqguVkP85w8odx,https://api.spotify.com/v1/tracks/3tmenVgIhqguVkP85w8odx,https://api.spotify.com/v1/audio-analysis/3tmenVgIhqguVkP85w8odx,236440,3,Hey Joe - 2009 Remaster,spotify:track:3tmenVgIhqguVkP85w8odx,Nick Cave & The Bad Seeds,4UXJsSlnKd7ltsrHebV79Q
161,0.53,0.206,4,-17.292,1,0.0343,0.0103,0.0511,0.0985,0.145,79.106,audio_features,2wyHqSNohtipAQUsN2kSrm,spotify:track:2wyHqSNohtipAQUsN2kSrm,https://api.spotify.com/v1/tracks/2wyHqSNohtipAQUsN2kSrm,https://api.spotify.com/v1/audio-analysis/2wyHqSNohtipAQUsN2kSrm,188813,4,The Singer - 2009 Remaster,spotify:track:2wyHqSNohtipAQUsN2kSrm,Nick Cave & The Bad Seeds,4UXJsSlnKd7ltsrHebV79Q
162,0.363,0.825,0,-8.468,1,0.0563,0.000341,0.143,0.142,0.485,139.925,audio_features,6oTLVIAnG37HJDxFQVu4vw,spotify:track:6oTLVIAnG37HJDxFQVu4vw,https://api.spotify.com/v1/tracks/6oTLVIAnG37HJDxFQVu4vw,https://api.spotify.com/v1/audio-analysis/6oTLVIAnG37HJDxFQVu4vw,352147,4,All Tomorrow's Parties - 2009 Remaster,spotify:track:6oTLVIAnG37HJDxFQVu4vw,Nick Cave & The Bad Seeds,4UXJsSlnKd7ltsrHebV79Q
163,0.459,0.258,5,-12.618,0,0.0289,0.0146,0.0287,0.113,0.286,66.374,audio_features,0zikMz4XwQdWfJRsUkNpQ4,spotify:track:0zikMz4XwQdWfJRsUkNpQ4,https://api.spotify.com/v1/tracks/0zikMz4XwQdWfJRsUkNpQ4,https://api.spotify.com/v1/audio-analysis/0zikMz4XwQdWfJRsUkNpQ4,219640,4,By the Time I Get to Phoenix - 2009 Remaster,spotify:track:0zikMz4XwQdWfJRsUkNpQ4,Nick Cave & The Bad Seeds,4UXJsSlnKd7ltsrHebV79Q
164,0.37,0.333,2,-14.421,1,0.0503,0.0196,0.000419,0.162,0.247,118.832,audio_features,5Jw8wMSCzp4rwTETsj2qOT,spotify:track:5Jw8wMSCzp4rwTETsj2qOT,https://api.spotify.com/v1/tracks/5Jw8wMSCzp4rwTETsj2qOT,https://api.spotify.com/v1/audio-analysis/5Jw8wMSCzp4rwTETsj2qOT,230173,4,The Hammer Song - 2009 Remaster,spotify:track:5Jw8wMSCzp4rwTETsj2qOT,Nick Cave & The Bad Seeds,4UXJsSlnKd7ltsrHebV79Q
165,0.508,0.327,9,-11.971,1,0.0319,0.01,1.04e-05,0.121,0.125,91.018,audio_features,6ZrulPv6Q9ICEv07P3M6FV,spotify:track:6ZrulPv6Q9ICEv07P3M6FV,https://api.spotify.com/v1/tracks/6ZrulPv6Q9ICEv07P3M6FV,https://api.spotify.com/v1/audio-analysis/6ZrulPv6Q9ICEv07P3M6FV,224853,4,Something's Gotten Hold of My Heart - 2009 Remaster,spotify:track:6ZrulPv6Q9ICEv07P3M6FV,Nick Cave & The Bad Seeds,4UXJsSlnKd7ltsrHebV79Q
166,0.486,0.326,2,-10.765,1,0.0302,0.229,0.0,0.127,0.656,103.796,audio_features,5IdPAUG5jcUS0JHx4C03IN,spotify:track:5IdPAUG5jcUS0JHx4C03IN,https://api.spotify.com/v1/tracks/5IdPAUG5jcUS0JHx4C03IN,https://api.spotify.com/v1/audio-analysis/5IdPAUG5jcUS0JHx4C03IN,120293,4,Jesus Met the Woman at the Well - 2009 Remaster,spotify:track:5IdPAUG5jcUS0JHx4C03IN,Nick Cave & The Bad Seeds,4UXJsSlnKd7ltsrHebV79Q
167,0.269,0.382,7,-13.686,1,0.039,0.0662,0.0139,0.147,0.16,121.082,audio_features,2Mw0wCIv3COH1SlFSAH6fD,spotify:track:2Mw0wCIv3COH1SlFSAH6fD,https://api.spotify.com/v1/tracks/2Mw0wCIv3COH1SlFSAH6fD,https://api.spotify.com/v1/audio-analysis/2Mw0wCIv3COH1SlFSAH6fD,194827,4,The Carnival Is Over - 2009 Remaster,spotify:track:2Mw0wCIv3COH1SlFSAH6fD,Nick Cave & The Bad Seeds,4UXJsSlnKd7ltsrHebV79Q
168,0.322,0.523,2,-12.484,1,0.0341,0.0132,0.573,0.11,0.385,108.779,audio_features,2r4IT0kxzQj1x76kIXYi3q,spotify:track:2r4IT0kxzQj1x76kIXYi3q,https://api.spotify.com/v1/tracks/2r4IT0kxzQj1x76kIXYi3q,https://api.spotify.com/v1/audio-analysis/2r4IT0kxzQj1x76kIXYi3q,300067,4,Sad Waters - 2009 Remaster,spotify:track:2r4IT0kxzQj1x76kIXYi3q,Nick Cave & The Bad Seeds,4UXJsSlnKd7ltsrHebV79Q
169,0.476,0.53,1,-9.866,1,0.0552,0.68,0.0757,0.0804,0.422,124.294,audio_features,0EDbf0PdPpQT71EN85Cbvo,spotify:track:0EDbf0PdPpQT71EN85Cbvo,https://api.spotify.com/v1/tracks/0EDbf0PdPpQT71EN85Cbvo,https://api.spotify.com/v1/audio-analysis/0EDbf0PdPpQT71EN85Cbvo,480973,3,The Carny - 2009 Remaster,spotify:track:0EDbf0PdPpQT71EN85Cbvo,Nick Cave & The Bad Seeds,4UXJsSlnKd7ltsrHebV79Q
170,0.317,0.401,9,-10.974,0,0.0341,0.0507,0.743,0.107,0.301,151.229,audio_features,1HV08dnowVocMRk4k9VZdS,spotify:track:1HV08dnowVocMRk4k9VZdS,https://api.spotify.com/v1/tracks/1HV08dnowVocMRk4k9VZdS,https://api.spotify.com/v1/audio-analysis/1HV08dnowVocMRk4k9VZdS,236440,3,Your Funeral My Trial - 2009 Remaster,spotify:track:1HV08dnowVocMRk4k9VZdS,Nick Cave & The Bad Seeds,4UXJsSlnKd7ltsrHebV79Q
171,0.249,0.524,3,-14.033,1,0.0626,0.394,0.161,0.077,0.157,128.472,audio_features,3jpFUZVcudmmBjmQhRIOPr,spotify:track:3jpFUZVcudmmBjmQhRIOPr,https://api.spotify.com/v1/tracks/3jpFUZVcudmmBjmQhRIOPr,https://api.spotify.com/v1/audio-analysis/3jpFUZVcudmmBjmQhRIOPr,286800,4,Stranger Than Kindness - 2009 Remaster,spotify:track:3jpFUZVcudmmBjmQhRIOPr,Nick Cave & The Bad Seeds,4UXJsSlnKd7ltsrHebV79Q
172,0.335,0.68,9,-9.578,0,0.0365,0.00291,0.108,0.301,0.375,98.071,audio_features,1y1mI4wLZx0jrV7P8clIB5,spotify:track:1y1mI4wLZx0jrV7P8clIB5,https://api.spotify.com/v1/tracks/1y1mI4wLZx0jrV7P8clIB5,https://api.spotify.com/v1/audio-analysis/1y1mI4wLZx0jrV7P8clIB5,340840,3,Jack's Shadow - 2009 Remaster,spotify:track:1y1mI4wLZx0jrV7P8clIB5,Nick Cave & The Bad Seeds,4UXJsSlnKd7ltsrHebV79Q
173,0.386,0.878,0,-7.37,1,0.0748,0.0206,0.109,0.0613,0.55,111.835,audio_features,2C4jph3Hiri8K4ZEiiyOn4,spotify:track:2C4jph3Hiri8K4ZEiiyOn4,https://api.spotify.com/v1/tracks/2C4jph3Hiri8K4ZEiiyOn4,https://api.spotify.com/v1/audio-analysis/2C4jph3Hiri8K4ZEiiyOn4,318987,4,Hard On for Love - 2009 Remaster,spotify:track:2C4jph3Hiri8K4ZEiiyOn4,Nick Cave & The Bad Seeds,4UXJsSlnKd7ltsrHebV79Q
174,0.335,0.796,9,-10.345,0,0.0555,0.147,0.515,0.344,0.688,144.928,audio_features,0ZZhQ5jvZH4xRDMpwF51ye,spotify:track:0ZZhQ5jvZH4xRDMpwF51ye,https://api.spotify.com/v1/tracks/0ZZhQ5jvZH4xRDMpwF51ye,https://api.spotify.com/v1/audio-analysis/0ZZhQ5jvZH4xRDMpwF51ye,270013,4,She Fell Away - 2009 Remaster,spotify:track:0ZZhQ5jvZH4xRDMpwF51ye,Nick Cave & The Bad Seeds,4UXJsSlnKd7ltsrHebV79Q
175,0.305,0.755,2,-9.685,1,0.0584,0.00148,0.00132,0.0917,0.237,90.509,audio_features,6HQznTKYifFc9ukmvAOkQT,spotify:track:6HQznTKYifFc9ukmvAOkQT,https://api.spotify.com/v1/tracks/6HQznTKYifFc9ukmvAOkQT,https://api.spotify.com/v1/audio-analysis/6HQznTKYifFc9ukmvAOkQT,335173,4,Long Time Man - 2009 Remaster,spotify:track:6HQznTKYifFc9ukmvAOkQT,Nick Cave & The Bad Seeds,4UXJsSlnKd7ltsrHebV79Q
176,0.504,0.69,5,-10.309,0,0.0849,0.0553,0.0365,0.255,0.577,109.038,audio_features,6sv5baxzwawprwNC82PsAH,spotify:track:6sv5baxzwawprwNC82PsAH,https://api.spotify.com/v1/tracks/6sv5baxzwawprwNC82PsAH,https://api.spotify.com/v1/audio-analysis/6sv5baxzwawprwNC82PsAH,438227,4,Tupelo - 2009 Remaster,spotify:track:6sv5baxzwawprwNC82PsAH,Nick Cave & The Bad Seeds,4UXJsSlnKd7ltsrHebV79Q
177,0.522,0.379,11,-11.43,0,0.0488,0.434,0.0,0.0829,0.414,122.638,audio_features,39UvBdF4IGYKRALbLnrqQt,spotify:track:39UvBdF4IGYKRALbLnrqQt,https://api.spotify.com/v1/tracks/39UvBdF4IGYKRALbLnrqQt,https://api.spotify.com/v1/audio-analysis/39UvBdF4IGYKRALbLnrqQt,310160,4,Say Goodbye to the Little Girl Tree - 2009 Remaster,spotify:track:39UvBdF4IGYKRALbLnrqQt,Nick Cave & The Bad Seeds,4UXJsSlnKd7ltsrHebV79Q
178,0.407,0.927,4,-7.805,1,0.119,0.24,1.07e-06,0.156,0.324,140.06,audio_features,6jTZHDaMMC9h01b6ezvBpy,spotify:track:6jTZHDaMMC9h01b6ezvBpy,https://api.spotify.com/v1/tracks/6jTZHDaMMC9h01b6ezvBpy,https://api.spotify.com/v1/audio-analysis/6jTZHDaMMC9h01b6ezvBpy,228773,4,Train Long Suffering - 2009 Remaster,spotify:track:6jTZHDaMMC9h01b6ezvBpy,Nick Cave & The Bad Seeds,4UXJsSlnKd7ltsrHebV79Q
179,0.432,0.424,4,-10.901,0,0.0593,0.669,4.3e-06,0.0919,0.315,102.969,audio_features,0lXqCD2hWqhbEnYird4XgZ,spotify:track:0lXqCD2hWqhbEnYird4XgZ,https://api.spotify.com/v1/tracks/0lXqCD2hWqhbEnYird4XgZ,https://api.spotify.com/v1/audio-analysis/0lXqCD2hWqhbEnYird4XgZ,305427,4,Black Crow King - 2009 Remaster,spotify:track:0lXqCD2hWqhbEnYird4XgZ,Nick Cave & The Bad Seeds,4UXJsSlnKd7ltsrHebV79Q
180,0.313,0.252,3,-12.685,1,0.0348,0.263,0.0,0.091,0.0958,80.796,audio_features,1QUnG6KSoeLnvsm4VCwH9K,spotify:track:1QUnG6KSoeLnvsm4VCwH9K,https://api.spotify.com/v1/tracks/1QUnG6KSoeLnvsm4VCwH9K,https://api.spotify.com/v1/audio-analysis/1QUnG6KSoeLnvsm4VCwH9K,458800,3,Knockin' On Joe - 2009 Remaster,spotify:track:1QUnG6KSoeLnvsm4VCwH9K,Nick Cave & The Bad Seeds,4UXJsSlnKd7ltsrHebV79Q
181,0.349,0.843,2,-8.675,1,0.067,0.0393,0.0,0.161,0.361,137.145,audio_features,2xtV04J19unZ3Lp1LQmtcb,spotify:track:2xtV04J19unZ3Lp1LQmtcb,https://api.spotify.com/v1/tracks/2xtV04J19unZ3Lp1LQmtcb,https://api.spotify.com/v1/audio-analysis/2xtV04J19unZ3Lp1LQmtcb,326613,4,Wanted Man - 2009 Remaster,spotify:track:2xtV04J19unZ3Lp1LQmtcb,Nick Cave & The Bad Seeds,4UXJsSlnKd7ltsrHebV79Q
182,0.443,0.216,4,-15.959,1,0.103,0.0656,0.00312,0.315,0.477,126.376,audio_features,4OSH261DiUVgCiNDobBSrZ,spotify:track:4OSH261DiUVgCiNDobBSrZ,https://api.spotify.com/v1/tracks/4OSH261DiUVgCiNDobBSrZ,https://api.spotify.com/v1/audio-analysis/4OSH261DiUVgCiNDobBSrZ,368053,4,Blind Lemon Jefferson - 2009 Remaster,spotify:track:4OSH261DiUVgCiNDobBSrZ,Nick Cave & The Bad Seeds,4UXJsSlnKd7ltsrHebV79Q
183,0.305,0.231,5,-20.142,0,0.0553,0.171,0.076,0.104,0.166,89.195,audio_features,3PH1n0JC1icuzNQTD4Rsv0,spotify:track:3PH1n0JC1icuzNQTD4Rsv0,https://api.spotify.com/v1/tracks/3PH1n0JC1icuzNQTD4Rsv0,https://api.spotify.com/v1/audio-analysis/3PH1n0JC1icuzNQTD4Rsv0,309280,4,Avalanche - 2009 Remaster,spotify:track:3PH1n0JC1icuzNQTD4Rsv0,Nick Cave & The Bad Seeds,4UXJsSlnKd7ltsrHebV79Q
184,0.492,0.77,2,-8.948,1,0.0544,0.0235,0.0,0.0696,0.716,92.983,audio_features,0SpwbeX3FvH2vjiKajIbri,spotify:track:0SpwbeX3FvH2vjiKajIbri,https://api.spotify.com/v1/tracks/0SpwbeX3FvH2vjiKajIbri,https://api.spotify.com/v1/audio-analysis/0SpwbeX3FvH2vjiKajIbri,372520,3,Cabin Fever! - 2009 Remaster,spotify:track:0SpwbeX3FvH2vjiKajIbri,Nick Cave & The Bad Seeds,4UXJsSlnKd7ltsrHebV79Q
185,0.434,0.0845,9,-12.648,0,0.0732,0.105,0.000178,0.38,0.298,175.254,audio_features,3S9pxIyh8L96drxwvndxEp,spotify:track:3S9pxIyh8L96drxwvndxEp,https://api.spotify.com/v1/tracks/3S9pxIyh8L96drxwvndxEp,https://api.spotify.com/v1/audio-analysis/3S9pxIyh8L96drxwvndxEp,325653,3,Well of Misery - 2009 Remaster,spotify:track:3S9pxIyh8L96drxwvndxEp,Nick Cave & The Bad Seeds,4UXJsSlnKd7ltsrHebV79Q
186,0.627,0.462,10,-11.583,0,0.0937,0.0416,0.00496,0.235,0.162,128.056,audio_features,1gSveqp4kkxyotKeSEGWZr,spotify:track:1gSveqp4kkxyotKeSEGWZr,https://api.spotify.com/v1/tracks/1gSveqp4kkxyotKeSEGWZr,https://api.spotify.com/v1/audio-analysis/1gSveqp4kkxyotKeSEGWZr,335200,4,From Her to Eternity - 2009 - Remaster,spotify:track:1gSveqp4kkxyotKeSEGWZr,Nick Cave & The Bad Seeds,4UXJsSlnKd7ltsrHebV79Q
187,0.526,0.508,0,-9.734,1,0.0503,0.177,8.98e-05,0.575,0.182,97.301,audio_features,4olXWX0ba7eSzRhr7WcAnI,spotify:track:4olXWX0ba7eSzRhr7WcAnI,https://api.spotify.com/v1/tracks/4olXWX0ba7eSzRhr7WcAnI,https://api.spotify.com/v1/audio-analysis/4olXWX0ba7eSzRhr7WcAnI,443480,4,Saint Huck - 2009 Remaster,spotify:track:4olXWX0ba7eSzRhr7WcAnI,Nick Cave & The Bad Seeds,4UXJsSlnKd7ltsrHebV79Q
188,0.494,0.424,4,-12.31,0,0.131,0.0845,0.0,0.0833,0.277,69.741,audio_features,5wt6fUExqwjf9Iv6MO8MPU,spotify:track:5wt6fUExqwjf9Iv6MO8MPU,https://api.spotify.com/v1/tracks/5wt6fUExqwjf9Iv6MO8MPU,https://api.spotify.com/v1/audio-analysis/5wt6fUExqwjf9Iv6MO8MPU,246653,4,Wings Off Flies - 2009 Remaster,spotify:track:5wt6fUExqwjf9Iv6MO8MPU,Nick Cave & The Bad Seeds,4UXJsSlnKd7ltsrHebV79Q
189,0.406,0.257,10,-16.268,1,0.0484,0.825,4.22e-05,0.0966,0.313,79.331,audio_features,2vBGjr6rUY8IomZ8lZq3Rm,spotify:track:2vBGjr6rUY8IomZ8lZq3Rm,https://api.spotify.com/v1/tracks/2vBGjr6rUY8IomZ8lZq3Rm,https://api.spotify.com/v1/audio-analysis/2vBGjr6rUY8IomZ8lZq3Rm,584320,5,A Box for Black Paul - 2009 Remaster,spotify:track:2vBGjr6rUY8IomZ8lZq3Rm,Nick Cave & The Bad Seeds,4UXJsSlnKd7ltsrHebV79Q
190,0.637,0.844,11,-4.248,1,0.04,0.148,0.0,0.226,0.816,112.62,audio_features,4ZFfwcv21e8IlXID1Z71q5,spotify:track:4ZFfwcv21e8IlXID1Z71q5,https://api.spotify.com/v1/tracks/4ZFfwcv21e8IlXID1Z71q5,https://api.spotify.com/v1/audio-analysis/4ZFfwcv21e8IlXID1Z71q5,251813,4,"Dig, Lazarus, Dig!!!",spotify:track:4ZFfwcv21e8IlXID1Z71q5,Nick Cave & The Bad Seeds,4UXJsSlnKd7ltsrHebV79Q
191,0.396,0.846,0,-4.09,0,0.0618,0.0546,0.0,0.352,0.552,139.248,audio_features,6CyiF8SoKDRAGa6QIe0TOq,spotify:track:6CyiF8SoKDRAGa6QIe0TOq,https://api.spotify.com/v1/tracks/6CyiF8SoKDRAGa6QIe0TOq,https://api.spotify.com/v1/audio-analysis/6CyiF8SoKDRAGa6QIe0TOq,281067,4,Today's Lesson,spotify:track:6CyiF8SoKDRAGa6QIe0TOq,Nick Cave & The Bad Seeds,4UXJsSlnKd7ltsrHebV79Q
192,0.608,0.527,0,-7.727,1,0.0396,0.289,2.99e-06,0.162,0.702,164.126,audio_features,5mjY5oRaLFVnopQLoa0MAx,spotify:track:5mjY5oRaLFVnopQLoa0MAx,https://api.spotify.com/v1/tracks/5mjY5oRaLFVnopQLoa0MAx,https://api.spotify.com/v1/audio-analysis/5mjY5oRaLFVnopQLoa0MAx,233640,4,Moonland,spotify:track:5mjY5oRaLFVnopQLoa0MAx,Nick Cave & The Bad Seeds,4UXJsSlnKd7ltsrHebV79Q
193,0.432,0.427,0,-12.019,1,0.0816,0.769,0.386,0.0971,0.292,151.243,audio_features,0Zax7Rch6Lg2RW2rIf7q53,spotify:track:0Zax7Rch6Lg2RW2rIf7q53,https://api.spotify.com/v1/tracks/0Zax7Rch6Lg2RW2rIf7q53,https://api.spotify.com/v1/audio-analysis/0Zax7Rch6Lg2RW2rIf7q53,293333,4,Night of the Lotus Eaters,spotify:track:0Zax7Rch6Lg2RW2rIf7q53,Nick Cave & The Bad Seeds,4UXJsSlnKd7ltsrHebV79Q
194,0.322,0.756,0,-5.247,1,0.038,0.000185,0.000861,0.1,0.63,138.855,audio_features,3cxWkPyFMGPIfEO53vbvJK,spotify:track:3cxWkPyFMGPIfEO53vbvJK,https://api.spotify.com/v1/tracks/3cxWkPyFMGPIfEO53vbvJK,https://api.spotify.com/v1/audio-analysis/3cxWkPyFMGPIfEO53vbvJK,212360,4,Albert Goes West,spotify:track:3cxWkPyFMGPIfEO53vbvJK,Nick Cave & The Bad Seeds,4UXJsSlnKd7ltsrHebV79Q
195,0.544,0.774,2,-5.89,1,0.0681,0.0475,0.0,0.0883,0.46,129.817,audio_features,2fguLjV6pNg2BvEKCShsgZ,spotify:track:2fguLjV6pNg2BvEKCShsgZ,https://api.spotify.com/v1/tracks/2fguLjV6pNg2BvEKCShsgZ,https://api.spotify.com/v1/audio-analysis/2fguLjV6pNg2BvEKCShsgZ,311507,4,We Call Upon the Author,spotify:track:2fguLjV6pNg2BvEKCShsgZ,Nick Cave & The Bad Seeds,4UXJsSlnKd7ltsrHebV79Q
196,0.466,0.706,9,-7.606,0,0.0316,0.389,0.000442,0.501,0.487,94.348,audio_features,51PH5Ts9bdxecwXmsTd6Sp,spotify:track:51PH5Ts9bdxecwXmsTd6Sp,https://api.spotify.com/v1/tracks/51PH5Ts9bdxecwXmsTd6Sp,https://api.spotify.com/v1/audio-analysis/51PH5Ts9bdxecwXmsTd6Sp,350920,4,Hold On to Yourself,spotify:track:51PH5Ts9bdxecwXmsTd6Sp,Nick Cave & The Bad Seeds,4UXJsSlnKd7ltsrHebV79Q
197,0.256,0.923,0,-4.388,1,0.064,0.00669,0.0,0.114,0.451,162.076,audio_features,4mPr5KLJsWyomzIzZsURXU,spotify:track:4mPr5KLJsWyomzIzZsURXU,https://api.spotify.com/v1/tracks/4mPr5KLJsWyomzIzZsURXU,https://api.spotify.com/v1/audio-analysis/4mPr5KLJsWyomzIzZsURXU,297813,4,Lie Down Here (& Be My Girl),spotify:track:4mPr5KLJsWyomzIzZsURXU,Nick Cave & The Bad Seeds,4UXJsSlnKd7ltsrHebV79Q
198,0.455,0.577,2,-9.079,0,0.035,0.243,1.63e-06,0.109,0.614,113.589,audio_features,7m2cj60p4aAyiEtKammKj3,spotify:track:7m2cj60p4aAyiEtKammKj3,https://api.spotify.com/v1/tracks/7m2cj60p4aAyiEtKammKj3,https://api.spotify.com/v1/audio-analysis/7m2cj60p4aAyiEtKammKj3,202293,4,Jesus of the Moon,spotify:track:7m2cj60p4aAyiEtKammKj3,Nick Cave & The Bad Seeds,4UXJsSlnKd7ltsrHebV79Q
199,0.304,0.717,0,-4.483,1,0.0312,0.0644,6.07e-06,0.523,0.486,142.638,audio_features,0F1ZPfjVocooVhzUz7Sj2h,spotify:track:0F1ZPfjVocooVhzUz7Sj2h,https://api.spotify.com/v1/tracks/0F1ZPfjVocooVhzUz7Sj2h,https://api.spotify.com/v1/audio-analysis/0F1ZPfjVocooVhzUz7Sj2h,306773,4,Midnight Man,spotify:track:0F1ZPfjVocooVhzUz7Sj2h,Nick Cave & The Bad Seeds,4UXJsSlnKd7ltsrHebV79Q
200,0.628,0.769,5,-7.54,1,0.0386,0.561,4e-06,0.0875,0.741,111.207,audio_features,6pl9ED8G9NJ0C7sHGrDquI,spotify:track:6pl9ED8G9NJ0C7sHGrDquI,https://api.spotify.com/v1/tracks/6pl9ED8G9NJ0C7sHGrDquI,https://api.spotify.com/v1/audio-analysis/6pl9ED8G9NJ0C7sHGrDquI,478280,4,More News from Nowhere,spotify:track:6pl9ED8G9NJ0C7sHGrDquI,Nick Cave & The Bad Seeds,4UXJsSlnKd7ltsrHebV79Q
201,0.327,0.683,4,-5.128,0,0.0344,0.448,0.000359,0.982,0.161,115.733,audio_features,5hToq1l4jQAvxPRfGcyH2c,spotify:track:5hToq1l4jQAvxPRfGcyH2c,https://api.spotify.com/v1/tracks/5hToq1l4jQAvxPRfGcyH2c,https://api.spotify.com/v1/audio-analysis/5hToq1l4jQAvxPRfGcyH2c,418093,4,O Children - Live in Dusseldorf,spotify:track:5hToq1l4jQAvxPRfGcyH2c,Nick Cave & The Bad Seeds,4UXJsSlnKd7ltsrHebV79Q
202,0.317,0.836,10,-5.136,0,0.249,0.592,3.13e-05,0.961,0.529,174.797,audio_features,6NsEk2IOFCOuRq15Pn2fgt,spotify:track:6NsEk2IOFCOuRq15Pn2fgt,https://api.spotify.com/v1/tracks/6NsEk2IOFCOuRq15Pn2fgt,https://api.spotify.com/v1/audio-analysis/6NsEk2IOFCOuRq15Pn2fgt,383227,4,Hiding All Away - Live in Manchester,spotify:track:6NsEk2IOFCOuRq15Pn2fgt,Nick Cave & The Bad Seeds,4UXJsSlnKd7ltsrHebV79Q
203,0.49,0.6,0,-6.496,1,0.0367,0.675,1.74e-06,0.965,0.598,122.345,audio_features,719n5iQrSnVbiU4de8WR2T,spotify:track:719n5iQrSnVbiU4de8WR2T,https://api.spotify.com/v1/tracks/719n5iQrSnVbiU4de8WR2T,https://api.spotify.com/v1/audio-analysis/719n5iQrSnVbiU4de8WR2T,216840,4,Breathless - Live in Dusseldorf,spotify:track:719n5iQrSnVbiU4de8WR2T,Nick Cave & The Bad Seeds,4UXJsSlnKd7ltsrHebV79Q
204,0.226,0.964,7,-3.255,0,0.088,0.299,0.000834,0.692,0.196,141.465,audio_features,3hKxkH1Y9ysyiytamCjVEY,spotify:track:3hKxkH1Y9ysyiytamCjVEY,https://api.spotify.com/v1/tracks/3hKxkH1Y9ysyiytamCjVEY,https://api.spotify.com/v1/audio-analysis/3hKxkH1Y9ysyiytamCjVEY,300093,4,Get Ready for Love - Live in Dusseldorf,spotify:track:3hKxkH1Y9ysyiytamCjVEY,Nick Cave & The Bad Seeds,4UXJsSlnKd7ltsrHebV79Q
205,0.59,0.45,11,-10.413,0,0.0619,0.567,0.000564,0.784,0.615,113.697,audio_features,2tylBMBSyPP8t1MQ9Yew4C,spotify:track:2tylBMBSyPP8t1MQ9Yew4C,https://api.spotify.com/v1/tracks/2tylBMBSyPP8t1MQ9Yew4C,https://api.spotify.com/v1/audio-analysis/2tylBMBSyPP8t1MQ9Yew4C,324187,4,Red Right Hand - Live in Copenhagen,spotify:track:2tylBMBSyPP8t1MQ9Yew4C,Nick Cave & The Bad Seeds,4UXJsSlnKd7ltsrHebV79Q
206,0.416,0.502,7,-5.811,1,0.0284,0.658,0.00013,0.966,0.209,128.299,audio_features,1LpnpenX07YwyTpAWiZ3sa,spotify:track:1LpnpenX07YwyTpAWiZ3sa,https://api.spotify.com/v1/tracks/1LpnpenX07YwyTpAWiZ3sa,https://api.spotify.com/v1/audio-analysis/1LpnpenX07YwyTpAWiZ3sa,249480,4,The Ship Song - Live in Paris,spotify:track:1LpnpenX07YwyTpAWiZ3sa,Nick Cave & The Bad Seeds,4UXJsSlnKd7ltsrHebV79Q
207,0.462,0.823,5,-5.561,1,0.0371,0.746,0.00248,0.982,0.456,81.588,audio_features,4SwZTa69CcfVYS3jLTL1kE,spotify:track:4SwZTa69CcfVYS3jLTL1kE,https://api.spotify.com/v1/tracks/4SwZTa69CcfVYS3jLTL1kE,https://api.spotify.com/v1/audio-analysis/4SwZTa69CcfVYS3jLTL1kE,279493,4,The Weeping Song - Live in Munich,spotify:track:4SwZTa69CcfVYS3jLTL1kE,Nick Cave & The Bad Seeds,4UXJsSlnKd7ltsrHebV79Q
208,0.387,0.603,4,-6.844,0,0.0517,0.28,0.0,0.635,0.595,138.831,audio_features,1J1CwU7kkk6ami1JCbL3zy,spotify:track:1J1CwU7kkk6ami1JCbL3zy,https://api.spotify.com/v1/tracks/1J1CwU7kkk6ami1JCbL3zy,https://api.spotify.com/v1/audio-analysis/1J1CwU7kkk6ami1JCbL3zy,521947,4,Stagger Lee - Live in Munich,spotify:track:1J1CwU7kkk6ami1JCbL3zy,Nick Cave & The Bad Seeds,4UXJsSlnKd7ltsrHebV79Q
209,0.17,0.857,4,-3.409,0,0.0577,0.0813,0.000355,0.853,0.4,135.003,audio_features,4Jhu2Xu4BniDpVn3du1bHY,spotify:track:4Jhu2Xu4BniDpVn3du1bHY,https://api.spotify.com/v1/tracks/4Jhu2Xu4BniDpVn3du1bHY,https://api.spotify.com/v1/audio-analysis/4Jhu2Xu4BniDpVn3du1bHY,288493,3,Carry Me - Live in Dusseldorf,spotify:track:4Jhu2Xu4BniDpVn3du1bHY,Nick Cave & The Bad Seeds,4UXJsSlnKd7ltsrHebV79Q
210,0.236,0.864,0,-3.514,1,0.0574,0.673,0.0319,0.641,0.358,102.15,audio_features,6tgjFoNhO283WBtol75wWs,spotify:track:6tgjFoNhO283WBtol75wWs,https://api.spotify.com/v1/tracks/6tgjFoNhO283WBtol75wWs,https://api.spotify.com/v1/audio-analysis/6tgjFoNhO283WBtol75wWs,294840,4,Let The Bells Ring - Live in Lausanne,spotify:track:6tgjFoNhO283WBtol75wWs,Nick Cave & The Bad Seeds,4UXJsSlnKd7ltsrHebV79Q
211,0.376,0.378,4,-8.08,0,0.0303,0.792,0.0069,0.426,0.254,123.594,audio_features,16kvivvnwmrSv2HGuIjqur,spotify:track:16kvivvnwmrSv2HGuIjqur,https://api.spotify.com/v1/tracks/16kvivvnwmrSv2HGuIjqur,https://api.spotify.com/v1/audio-analysis/16kvivvnwmrSv2HGuIjqur,429013,4,Easy Money - Live in Milan,spotify:track:16kvivvnwmrSv2HGuIjqur,Nick Cave & The Bad Seeds,4UXJsSlnKd7ltsrHebV79Q
212,0.163,0.942,9,-3.729,0,0.0663,0.11,0.129,0.82,0.299,85.966,audio_features,5P0Ev9rZdoRrLA7zZvlnh1,spotify:track:5P0Ev9rZdoRrLA7zZvlnh1,https://api.spotify.com/v1/tracks/5P0Ev9rZdoRrLA7zZvlnh1,https://api.spotify.com/v1/audio-analysis/5P0Ev9rZdoRrLA7zZvlnh1,313360,4,Supernaturally - Live in Paris,spotify:track:5P0Ev9rZdoRrLA7zZvlnh1,Nick Cave & The Bad Seeds,4UXJsSlnKd7ltsrHebV79Q
213,0.434,0.247,2,-12.401,1,0.0315,0.584,8.05e-05,0.993,0.226,117.76,audio_features,2U3OQWLQh2LqfyGezXmbEM,spotify:track:2U3OQWLQh2LqfyGezXmbEM,https://api.spotify.com/v1/tracks/2U3OQWLQh2LqfyGezXmbEM,https://api.spotify.com/v1/audio-analysis/2U3OQWLQh2LqfyGezXmbEM,308173,4,"Babe, You Turn Me On - Live in Paris",spotify:track:2U3OQWLQh2LqfyGezXmbEM,Nick Cave & The Bad Seeds,4UXJsSlnKd7ltsrHebV79Q
214,0.275,0.956,7,-4.495,0,0.0741,0.39,0.0,0.626,0.247,130.16,audio_features,7uFUrJZZvbGn8Tlk3x7NzV,spotify:track:7uFUrJZZvbGn8Tlk3x7NzV,https://api.spotify.com/v1/tracks/7uFUrJZZvbGn8Tlk3x7NzV,https://api.spotify.com/v1/audio-analysis/7uFUrJZZvbGn8Tlk3x7NzV,329987,4,"There She Goes, My Beautiful World - Live in Amsterdam",spotify:track:7uFUrJZZvbGn8Tlk3x7NzV,Nick Cave & The Bad Seeds,4UXJsSlnKd7ltsrHebV79Q
215,0.4,0.163,0,-11.502,1,0.0365,0.837,5.85e-05,0.699,0.121,113.173,audio_features,492qwuQLhRjGXJU2tnDP6W,spotify:track:492qwuQLhRjGXJU2tnDP6W,https://api.spotify.com/v1/tracks/492qwuQLhRjGXJU2tnDP6W,https://api.spotify.com/v1/audio-analysis/492qwuQLhRjGXJU2tnDP6W,285960,4,God Is in the House - Live in Paris,spotify:track:492qwuQLhRjGXJU2tnDP6W,Nick Cave & The Bad Seeds,4UXJsSlnKd7ltsrHebV79Q
216,0.288,0.925,0,-4.323,1,0.0613,0.195,0.0353,0.965,0.407,136.877,audio_features,3M7TH4sjJ8U6TRUH5kgaTu,spotify:track:3M7TH4sjJ8U6TRUH5kgaTu,https://api.spotify.com/v1/tracks/3M7TH4sjJ8U6TRUH5kgaTu,https://api.spotify.com/v1/audio-analysis/3M7TH4sjJ8U6TRUH5kgaTu,223400,4,Deanna - Live in Hamburg,spotify:track:3M7TH4sjJ8U6TRUH5kgaTu,Nick Cave & The Bad Seeds,4UXJsSlnKd7ltsrHebV79Q
217,0.175,0.705,10,-4.474,1,0.04,0.696,0.000198,0.709,0.195,165.175,audio_features,6rHdHjtfsUchkUEpHZCxTw,spotify:track:6rHdHjtfsUchkUEpHZCxTw,https://api.spotify.com/v1/tracks/6rHdHjtfsUchkUEpHZCxTw,https://api.spotify.com/v1/audio-analysis/6rHdHjtfsUchkUEpHZCxTw,347200,4,Lay Me Low - Live in Munich,spotify:track:6rHdHjtfsUchkUEpHZCxTw,Nick Cave & The Bad Seeds,4UXJsSlnKd7ltsrHebV79Q
218,0.327,0.682,4,-5.128,0,0.0349,0.448,0.000382,0.982,0.16,116.46,audio_features,1jL6UGMan7B7hQx7HX3r8B,spotify:track:1jL6UGMan7B7hQx7HX3r8B,https://api.spotify.com/v1/tracks/1jL6UGMan7B7hQx7HX3r8B,https://api.spotify.com/v1/audio-analysis/1jL6UGMan7B7hQx7HX3r8B,418093,4,O Children (Live in Düsseldorf),spotify:track:1jL6UGMan7B7hQx7HX3r8B,Nick Cave & The Bad Seeds,4UXJsSlnKd7ltsrHebV79Q
219,0.317,0.836,10,-5.136,0,0.248,0.593,3.1e-05,0.961,0.528,174.709,audio_features,5qcx8bWgZZ6Wus96wKPi79,spotify:track:5qcx8bWgZZ6Wus96wKPi79,https://api.spotify.com/v1/tracks/5qcx8bWgZZ6Wus96wKPi79,https://api.spotify.com/v1/audio-analysis/5qcx8bWgZZ6Wus96wKPi79,383227,4,Hiding All Away (Live in Manchester),spotify:track:5qcx8bWgZZ6Wus96wKPi79,Nick Cave & The Bad Seeds,4UXJsSlnKd7ltsrHebV79Q
220,0.49,0.599,0,-6.496,1,0.0368,0.679,1.6e-06,0.965,0.598,122.348,audio_features,59HjGiySSEhP9gYKdXUj8e,spotify:track:59HjGiySSEhP9gYKdXUj8e,https://api.spotify.com/v1/tracks/59HjGiySSEhP9gYKdXUj8e,https://api.spotify.com/v1/audio-analysis/59HjGiySSEhP9gYKdXUj8e,216840,4,Breathless (Live in Düsseldorf),spotify:track:59HjGiySSEhP9gYKdXUj8e,Nick Cave & The Bad Seeds,4UXJsSlnKd7ltsrHebV79Q
221,0.227,0.964,7,-3.255,0,0.0879,0.297,0.000834,0.692,0.196,141.437,audio_features,7FkGcrZhytY9RddzFxqyEB,spotify:track:7FkGcrZhytY9RddzFxqyEB,https://api.spotify.com/v1/tracks/7FkGcrZhytY9RddzFxqyEB,https://api.spotify.com/v1/audio-analysis/7FkGcrZhytY9RddzFxqyEB,300093,4,Get Ready for Love (Live in Düsseldorf),spotify:track:7FkGcrZhytY9RddzFxqyEB,Nick Cave & The Bad Seeds,4UXJsSlnKd7ltsrHebV79Q
222,0.59,0.45,11,-10.413,0,0.0619,0.566,0.000564,0.784,0.616,113.699,audio_features,0pTIy4NMUHEiV9Fz1gsB8A,spotify:track:0pTIy4NMUHEiV9Fz1gsB8A,https://api.spotify.com/v1/tracks/0pTIy4NMUHEiV9Fz1gsB8A,https://api.spotify.com/v1/audio-analysis/0pTIy4NMUHEiV9Fz1gsB8A,324187,4,Red Right Hand (Live in Copenhagen),spotify:track:0pTIy4NMUHEiV9Fz1gsB8A,Nick Cave & The Bad Seeds,4UXJsSlnKd7ltsrHebV79Q
223,0.416,0.502,7,-5.811,1,0.0285,0.655,0.000139,0.966,0.21,128.31,audio_features,37roLYtiC1VkL7wSDZwIuv,spotify:track:37roLYtiC1VkL7wSDZwIuv,https://api.spotify.com/v1/tracks/37roLYtiC1VkL7wSDZwIuv,https://api.spotify.com/v1/audio-analysis/37roLYtiC1VkL7wSDZwIuv,249480,4,The Ship Song (Live in Paris),spotify:track:37roLYtiC1VkL7wSDZwIuv,Nick Cave & The Bad Seeds,4UXJsSlnKd7ltsrHebV79Q
224,0.462,0.824,5,-5.561,1,0.0372,0.744,0.00251,0.982,0.456,81.588,audio_features,5RukX6lbpIHdtUFeF8sOR9,spotify:track:5RukX6lbpIHdtUFeF8sOR9,https://api.spotify.com/v1/tracks/5RukX6lbpIHdtUFeF8sOR9,https://api.spotify.com/v1/audio-analysis/5RukX6lbpIHdtUFeF8sOR9,279493,4,The Weeping Song (Live in Munich),spotify:track:5RukX6lbpIHdtUFeF8sOR9,Nick Cave & The Bad Seeds,4UXJsSlnKd7ltsrHebV79Q
225,0.387,0.603,4,-6.844,0,0.0519,0.278,0.0,0.635,0.596,138.759,audio_features,6WB58grlHASh6pAzCwrTy8,spotify:track:6WB58grlHASh6pAzCwrTy8,https://api.spotify.com/v1/tracks/6WB58grlHASh6pAzCwrTy8,https://api.spotify.com/v1/audio-analysis/6WB58grlHASh6pAzCwrTy8,521947,4,Stagger Lee (Live in Munich),spotify:track:6WB58grlHASh6pAzCwrTy8,Nick Cave & The Bad Seeds,4UXJsSlnKd7ltsrHebV79Q
226,0.139,0.857,4,-3.41,0,0.0576,0.0814,0.000355,0.853,0.404,96.958,audio_features,1t2Chk2CkxzoN3A4HiHsEE,spotify:track:1t2Chk2CkxzoN3A4HiHsEE,https://api.spotify.com/v1/tracks/1t2Chk2CkxzoN3A4HiHsEE,https://api.spotify.com/v1/audio-analysis/1t2Chk2CkxzoN3A4HiHsEE,288493,4,Carry Me (Live in Düsseldorf),spotify:track:1t2Chk2CkxzoN3A4HiHsEE,Nick Cave & The Bad Seeds,4UXJsSlnKd7ltsrHebV79Q
227,0.237,0.864,0,-3.514,1,0.0575,0.675,0.0317,0.641,0.358,102.291,audio_features,4RDt1bE8VJgYVwKULgWSGd,spotify:track:4RDt1bE8VJgYVwKULgWSGd,https://api.spotify.com/v1/tracks/4RDt1bE8VJgYVwKULgWSGd,https://api.spotify.com/v1/audio-analysis/4RDt1bE8VJgYVwKULgWSGd,294840,4,Let the Bells Ring (Live in Lausanne),spotify:track:4RDt1bE8VJgYVwKULgWSGd,Nick Cave & The Bad Seeds,4UXJsSlnKd7ltsrHebV79Q
228,0.362,0.378,4,-8.08,0,0.0302,0.792,0.00701,0.426,0.256,123.569,audio_features,0nDi0yhNEmRjvB0UUgHOTo,spotify:track:0nDi0yhNEmRjvB0UUgHOTo,https://api.spotify.com/v1/tracks/0nDi0yhNEmRjvB0UUgHOTo,https://api.spotify.com/v1/audio-analysis/0nDi0yhNEmRjvB0UUgHOTo,429013,4,Easy Money (Live in Milan),spotify:track:0nDi0yhNEmRjvB0UUgHOTo,Nick Cave & The Bad Seeds,4UXJsSlnKd7ltsrHebV79Q
229,0.165,0.942,9,-3.729,0,0.065,0.111,0.127,0.82,0.297,86.369,audio_features,6NGxqPtyi0hQTuIGpaSFqs,spotify:track:6NGxqPtyi0hQTuIGpaSFqs,https://api.spotify.com/v1/tracks/6NGxqPtyi0hQTuIGpaSFqs,https://api.spotify.com/v1/audio-analysis/6NGxqPtyi0hQTuIGpaSFqs,313360,4,Supernaturally (Live in Paris),spotify:track:6NGxqPtyi0hQTuIGpaSFqs,Nick Cave & The Bad Seeds,4UXJsSlnKd7ltsrHebV79Q
230,0.434,0.247,2,-12.401,1,0.0315,0.583,7.9e-05,0.993,0.226,117.736,audio_features,6Eoa8KUl2RxubrfCyxEaX2,spotify:track:6Eoa8KUl2RxubrfCyxEaX2,https://api.spotify.com/v1/tracks/6Eoa8KUl2RxubrfCyxEaX2,https://api.spotify.com/v1/audio-analysis/6Eoa8KUl2RxubrfCyxEaX2,308173,4,"Babe, You Turn Me On (Live in Paris)",spotify:track:6Eoa8KUl2RxubrfCyxEaX2,Nick Cave & The Bad Seeds,4UXJsSlnKd7ltsrHebV79Q
231,0.273,0.957,7,-4.497,0,0.0742,0.389,0.0,0.626,0.241,131.891,audio_features,64e5SgcgyhaxVZgla4ZDZK,spotify:track:64e5SgcgyhaxVZgla4ZDZK,https://api.spotify.com/v1/tracks/64e5SgcgyhaxVZgla4ZDZK,https://api.spotify.com/v1/audio-analysis/64e5SgcgyhaxVZgla4ZDZK,329987,4,"There She Goes, My Beautiful World (Live in Amsterdam)",spotify:track:64e5SgcgyhaxVZgla4ZDZK,Nick Cave & The Bad Seeds,4UXJsSlnKd7ltsrHebV79Q
232,0.399,0.163,0,-11.502,1,0.0367,0.837,5.56e-05,0.699,0.122,113.448,audio_features,6e1uV1zEwXgnewIRi5MCxs,spotify:track:6e1uV1zEwXgnewIRi5MCxs,https://api.spotify.com/v1/tracks/6e1uV1zEwXgnewIRi5MCxs,https://api.spotify.com/v1/audio-analysis/6e1uV1zEwXgnewIRi5MCxs,285960,4,God Is in the House (Live in Paris),spotify:track:6e1uV1zEwXgnewIRi5MCxs,Nick Cave & The Bad Seeds,4UXJsSlnKd7ltsrHebV79Q
233,0.292,0.925,0,-4.323,1,0.0613,0.197,0.0357,0.965,0.407,136.882,audio_features,4omNMNBEkzvs9nU3bwpjHE,spotify:track:4omNMNBEkzvs9nU3bwpjHE,https://api.spotify.com/v1/tracks/4omNMNBEkzvs9nU3bwpjHE,https://api.spotify.com/v1/audio-analysis/4omNMNBEkzvs9nU3bwpjHE,223400,4,Deanna (Live in Hamburg),spotify:track:4omNMNBEkzvs9nU3bwpjHE,Nick Cave & The Bad Seeds,4UXJsSlnKd7ltsrHebV79Q
234,0.175,0.708,10,-4.478,1,0.0402,0.689,0.000168,0.71,0.194,165.345,audio_features,4tsqjUPVwhWLf4Gk9wcKWk,spotify:track:4tsqjUPVwhWLf4Gk9wcKWk,https://api.spotify.com/v1/tracks/4tsqjUPVwhWLf4Gk9wcKWk,https://api.spotify.com/v1/audio-analysis/4tsqjUPVwhWLf4Gk9wcKWk,347200,4,Lay Me Low (Live in Munich),spotify:track:4tsqjUPVwhWLf4Gk9wcKWk,Nick Cave & The Bad Seeds,4UXJsSlnKd7ltsrHebV79Q
